541
367
619
134
26
758
373
121
867
341
446
790
271
855
644
188
356
45
896
328
63
128
964
554
567
825
122
931
779
259
119
764
659
47
885
351
72
170
314
772
457
717
196
24
90
757
544
867
828
730
745
284
979
413
389
960
902
556
226
46
452
654
372
530
252
802
274
229
293
826
646
610
380
756
534
915
468
83
389
739
728
977
915
805
576
269
82
468
828
430
812
134
166
12
687
708
454
565
680
931
469
835
741
297
872
381
163
476
638
478
848
367
126
555
326
338
525
638
943
573
246
344
966
352
916
608
621
934
118
277
18
626
698
107
837
198
980
190
910
32
552
586
920
831
805
358
232
575
805
276
973
297
58
340
463
17
853
328
377
658
751
708
467
591
644
294
458
943
198
318
189
429
878
266
350
781
134
253
423
190
203
529
26
389
399
530
150
83
641
723
459
969
562
643
355
513
141
264
38
718
909
730
638
944
103
108
665
148
365
809
741
858
63
734
381
775
911
882
274
20
965
827
863
417
977
562
30
464
327
170
798
558
171
198
292
118
233
812
453
992
40
976
25
138
740
320
270
199
715
679
370
842
392
335
75
112
787
660
23
652
434
408
108
239
790
1
984
596
993
513
709
893
754
112
421
232
491
875
111
726
192
834
860
353
276
586
395
492
965
506
381
241
230
539
157
624
467
859
724
139
224
149
223
455
714
72
511
705
488
426
460
846
538
958
327
150
776
491
722
281
702
253
534
433
596
182
763
221
143
136
791
436
168
276
374
965
113
552
444
149
532
803
770
238
671
89
787
867
474
361
7
642
509
779
743
878
168
779
614
573
129
359
503
73
372
334
312
707
533
796
919
324
518
285
251
786
248
522
753
563
552
976
171
681
406
507
312
701
255
791
754
813
790
546
687
439
780
686
172
102
597
371
977
744
388
110
676
664
575
626
522
725
697
384
628
361
304
224
275
81
81
537
908
375
80
675
99
763
454
476
573
694
604
537
302
418
475
845
606
1
862
403
511
807
710
120
550
963
997
365
381
33
249
203
459
601
807
52
313
315
43
786
404
79
475
458
137
162
375
121
859
377
200
162
614
273
406
269
977
754
658
733
32
235
358
302
433
722
280
518
242
27
10
999
265
786
25
656
202
65
80
743
944
837
564
204
823
602
22
6
837
507
6
796
573
163
788
584
753
603
866
595
193
860
346
729
514
195
441
806
831
221
872
356
881
844
260
15
919
191
801
913
860
678
987
110
889
440
523
359
187
928
534
169
837
926
523
297
288
716
450
920
283
833
901
929
737
795
325
574
668
188
714
237
783
979
624
995
900
674
921
964
446
379
251
263
370
297
908
313
888
535
336
71
725
826
579
371
700
360
851
200
71
758
815
313
252
626
826
693
322
258
957
144
274
146
384
969
902
348
298
730
375
442
756
657
117
321
202
934
813
803
743
798
627
403
247
164
253
58
982
194
396
144
458
236
21
411
15
304
914
828
765
71
631
489
849
421
285
185
370
167
806
863
346
862
984
453
224
406
823
351
503
504
763
874
682
451
146
283
71
593
491
902
171
54
605
639
843
421
706
271
755
213
545
483
721
637
717
532
940
109
630
984
848
561
596
716
427
476
941
423
978
152
222
438
642
589
780
281
628
391
333
281
642
926
533
256
385
883
388
296
338
609
338
368
342
999
620
610
694
602
110
48
522
763
278
156
390
256
442
346
639
796
838
837
222
85
307
263
816
71
279
517
391
973
946
136
945
153
442
376
988
56
474
783
427
658
155
542
724
951
16
386
233
153
759
389
231
286
603
729
599
482
748
124
743
541
349
120
697
138
684
93
299
192
580
68
738
668
621
143
164
519
238
915
458
8
783
17
928
651
218
759
724
336
221
659
820
220
321
399
31
587
286
621
891
33
677
618
828
374
723
388
641
849
400
368
823
316
888
78
669
675
888
155
962
954
395
819
141
983
635
480
447
82
950
846
411
816
398
432
811
112
844
455
504
146
853
828
626
718
236
793
606
110
706
107
729
323
924
791
972
231
449
394
88
536
958
894
489
660
659
433
644
152
717
4
548
395
210
33
824
833
614
479
658
358
112
335
410
270
867
4
906
56
267
275
602
336
594
96
725
873
477
91
687
545
908
142
486
8
995
501
902
978
628
883
499
261
886
818
364
576
228
935
249
863
977
436
267
516
262
122
851
623
645
461
13
847
281
794
943
46
769
671
752
891
967
68
87
967
366
211
82
638
1000
743
617
225
796
690
493
316
637
552
754
16
246
