0
1
2
0
2;3
0
5
5;3;2
3;6
5;8;4
5;4;3
6;5;7;4;3
0
1;4
11;9;8
1;11
11;14
13;16
14
15;14;18
3;13;20
6;12
20;1;7;18
14;7
15;11;3
9;5
4;21;8
9;1;7;4
5;16;21
0
19;28;1;16;30
26;25;16;11;17
30;22
15;12
27;9;23;13;1
6;29;12;15;30
33;30;28;3
4;19;22;6
1;31;37;26;8
12;26;1;37
13;22
17;8
12;28;29;26
40;21
4;16;6;19;22
17;13;45
6;32;28;37
12;18;46;15;2
19;21;25
49;38;43;44
46;26;29
32;12;15;43;13
40;2;27;41
11;39;26
35;42;30;37;10
29;40
49;22
12;32;23;24;49
18;27;24
0
36;9
55;29
17;7;2
7;52
35;2;23;22;62
56;48;11;20;55
19;35
6;23;43
49;47;65
30;60;7
69;62;15;24;7
42;52
20;37;54;65;61
46;67
58;24
68;52;11
61;40
4;53
70;12
65;11;19;75
55;70;46
2;71;31;48
52;33
79;65
38;25
28;69
0
20;78
42;63;52;57
36;64;30
80;53;36;25
83;82;50;43
17;66;61;46
48;31;80;76;92
9;13
13;43
19;51;88
39;6;91
18;77;14;28;74
12;86;40
58;89;92
17;56
87;29;73;34;11
62;93;14
6;65
58;6
28;61
83;58;50
18;52;73;86;19
103;32;67
12;62;46;87;10
26;106;92;31
32;104
32;82
53;66;20;30;38
70;57;109;102;39
93;60;69;55;20
49;97;7;93
32;101;29;99
43;113;57;108
57;91;97;35;47
65;35;16
21;97;77;78;64
8;19
21;84
40;16;63;65;23
19;102;36
45;58;119
71;37;77
122;48;20
86;95
98;91
125;107
33;35;23;88
86;55;114
84;85;96;118
12;60
127;116;33
67;86
91;72;27;97
14;94
8;32;123
14;111
4;35;62;121
109;139
97;93;100;55;145
127;26
70;21
13;35;34;87
25;116;103;55
27;149;99
4;151;96
51;96
25;16;97
26;93
85;99;24;143
92;85;51;48
70;157;155
96;1;108;110
90;96;26
119;124
34;41;3;85;104
34;20;31
70;69;118;18
34;76
15;123;153;135;157
110;117;63;80
52;157
41;1;136;68
151;29
60;50
28;27;148
8;72
99;9;122;16
166;3;91
112;33;74;30
141;127
65;62
28;164
151;135;56
0
155;65
27;135;44;56;162
10;43;73;75;169
109;98
112;63;43;100;122
52;156
84;109;127
24;133;89;31
35;102;105;83;91
178;86;2
190;103;41
151;78;16;69
167;102;147
164;149;145;73;152
94;104;107;2;133
28;136;185
41;149;96;13;9
30;144;24;20;70
196;131;63;144
19;158;30;163
67;145;112
78;50;51;142
199;11
196;172;153
158;90;60;35;28
123;160;189
142;96;63;146
10;201
115;107
192;134
47;87;60;164
149;121;75
134;170;207;13;22
27;185;128
51;113;156;105;125
85;178;197;168;109
205;34;168;31
188;1;121;20;137
107;121;144;119;204
130;8;199;82;128
221;172;91;52
164;123;171;207;8
221;115;88;104
27;64;57;126
166;72;182
202;116;84;46;41
18;213
218;16;199
222;168;224;43;49
116;101;226
140;175
54;113;150;11
87;13;80;50
139;230;221
81;33;52;34
174;235;84
101;181;51
55;155;147;39;229
45;116
74;214;163
85;108;141
94;158;198;108;6
191;30
50;229;181;4
122;170;226;58;158
105;111;158
117;136;194
53;203
34;14;53;205;86
182;70
251;92;149
237;25
139;98;218
104;216;156
146;173
46;224;10
247;245;56
42;228
166;15
134;192;230;33
260;103
15;28;189
244;109;192;257;8
15;169;216
78;240;156;52;231
1;68;157;85
109;66;241;55;126
135;122;183
68;30;130;222
110;75
134;254
19;188;20;166;37
11;9;150;215;230
3;6;94;101;116
107;97;67;147;225
237;106
253;39;275;5
211;8;30;80;106
277;260;146
274;133;185;74;70
259;127;118;176
156;251;207;128
221;183
20;109;112;177;262
114;137
93;158
93;59;181
243;120;13;261;135
137;238;150;226;177
219;30;11
276;74;79;155;144
20;233;132;280;208
227;243
242;76
89;202;12;232;40
91;246;213
102;231
129;274;50;119
190;167;74;76;224
37;56;275
151;122;29;246
222;109
36;139;45;53
229;275;240
131;59;171;290;134
177;37
246;107;66;257
77;300
245;39;203
200;286;294;41
282;82;165;234
94;184;55;17
242;60;134;24
308;128
119;4;181;208
284;219;299;136;208
262;239;235
208;249;115
57;225;211;281;232
65;8;251;257;46
301;47
67;230
136;14;68
88;179
109;115;123
31;241;261;219
119;193;139;79
7;94;24
39;314;21;31
50;301
7;209;110;45
153;237;305;49
35;331;81;242
241;192;15;54;303
109;179;247
9;148
235;138;7;142;110
326;217;83;94
259;222;258;203
95;181;158
195;270
222;85;64;226
54;19;41;91;200
13;83
55;20;176
47;37;16;285;228
331;96
141;277;297;287;86
180;153;294
348;316;271;93
55;330;209;229;148
36;203;120;305
42;19;115;218;132
325;196;215
202;98;188
24;132
258;256;89;115
358;141
103;279;131;62;355
81;232;207;145;212
143;338;280
36;312;245
245;347
17;118;244;19
300;40;351;280;240
98;126;58
151;288;55
368;340;212;37
169;40;82
138;190;3
273;3;323;258
132;279;209;27;297
27;122;162;265
330;302;44
275;299;349
47;138;44;286
346;22;143;251
320;113
58;287;119;374
197;140;308;235;211
207;278;169;13
359;228;110
46;70;318
67;76;25;162
186;202;321;245;52
131;138
238;177;78;4;356
187;270;98
25;182
226;121;206;328
118;298
234;159;205
268;330
231;374;200;31;244
325;135;15;66;44
284;184
210;344;168
63;12;53;1;16
140;157;235;91
96;245;174
94;26;154;128
153;85;304;92;20
97;87
30;182
402;94;183;120
314;131
290;266
130;196;180;91;88
90;86;274;14;28
307;276;259;181;292
134;197
406;369;232;6
144;405
6;183;383
358;1
37;117
175;211
99;195;329;281;84
285;300;114
151;72;212;300;23
66;330;105;256
114;401;167;328;312
127;65;394;179;231
64;278;65;310
353;264;137
351;22;42;293
8;255;245;57;109
36;355;321;415
172;380;278;393;87
291;386;168
96;226;239
150;126
148;132;42
194;421;392;3
163;244;317;6;254
294;290;75;204
3;274;408
199;330;341
193;169;427
81;97
220;440;349;313
164;88;336;363
140;318;366
213;201
416;363;81
358;118;354
386;188
405;400;411;79;388
65;283;290;168;234
113;382
181;389
424;87;280;156;333
365;362;3;19;82
389;98;26
317;209;262;100
180;360;186
290;53
34;166;206;292;7
205;347;455;417
228;164;365;363
78;180
209;302;24;304;188
9;234;266;36;376
385;55;351;438
422;57;225
66;155;99
110;318;206;324
236;185;283;238;178
16;363;217
301;44
267;123;364;214;302
444;203;202
399;408;420
75;57;258;383
41;77;355
221;334
303;129;353
430;214
271;167
47;42;95;214;397
335;354;461
418;196;450;399;311
164;172;7
24;123;60;329
302;147
471;333;159;120
423;119
28;205
341;218
5;342;188
448;54;214
372;60;142
306;490;217
318;51
44;110;374
11;321
184;72;295
77;232;224;140;123
60;42;353
99;63;4;27;30
214;400;409
440;481
63;195;382
124;386;189;402
215;60;382;498;238
42;15;44;323
241;267
214;441;500;264;240
28;208;57;305
298;151;266;473
408;288;329
325;253
323;243;157
482;324
214;221;426;498
421;144;454
385;187;213;79
32;21
120;378;246
85;344;319;380
38;471;165;392;13
259;193;311
160;64;508;11;296
154;381;253;152;110
188;493;278;276
224;452;77;435;43
189;495;97;220;20
442;134;133;321
269;366;316;34;506
486;117
178;337;423;33;231
253;280;344;341;214
18;366;24;188;404
415;71;244;360;165
127;128;317
496;136;57
535;244;262
533;213;457
254;285;84;253;197
272;105;442;25
387;150;165;160
473;252
457;342
456;16;457
447;265;421;539
176;7;256
333;75;308
482;288;490;13
433;492;160
401;261;184;16;101
211;99;121;469;375
213;374;532;356
184;105;553;327;232
366;65;157;314;532
183;116;32;331
548;192;306;446;133
170;306;79;472;503
411;51;133;128
207;417;270;186;56
82;133;296;98;550
309;322;325;78;81
263;28;7;295
124;256
304;411;180
135;276;13
516;346;201
127;420;508;271
528;61;298;214;113
74;124
548;166;277;38;69
364;470;539
336;260
495;429;136
341;397
289;190;410;137;52
553;204
411;423;539;83
558;166;382;574;223
244;478
213;411;345;517;147
421;173;473;374;185
479;368;456;423;373
122;407;134;289;509
216;73;324;325
175;7;204;243
379;148
495;486;57;404
151;1;410;377
527;324;494;383;520
114;249;72;412;314
581;519;35;488
294;407;542
204;20;73;574
445;318;390;189;456
19;303;97
273;510;483
472;225;121
571;580;228;512
387;432
429;498
247;36;275
491;57;584
187;439;426;119;540
342;401
584;480
181;133;50;438;538
588;8;204
331;504;131
338;396;365;242
416;139;272;355
452;37;78;332
540;383;469
115;519;4;257;581
18;250;116;264;547
575;426;27;389;378
358;538
481;527;132;604
468;256;371;221;584
461;149;290
498;492;84
512;447;25;523;241
192;542
361;129;211
449;72;548
70;162;103;399
545;619;528
244;180
237;358
134;553;23;333;565
32;561;268;613;557
266;227;48;231
163;18
406;607;241;121;233
477;508;616
611;598;139;294;463
5;173;579;569;155
100;555;361;118;103
142;305
491;250;592;385
537;327;564;212;220
532;430;336;370
374;566;237
403;467
121;630
348;543;247
322;170;118;393;93
565;262
27;72;310;280;531
65;141;147;296;81
582;253;240;252
600;349;479;395
460;396;314
219;498
638;416;107;294
38;180;547
502;107;229
373;153;203
633;74
447;143;77
198;148;442
230;614;255;628;73
124;32;29
621;95;509;51;63
539;183;651;604;259
445;99;201;189
158;54;564;315
518;158;591;312
183;342;52;617;496
21;313;589
440;471
59;409;214;285
434;445;142;23;502
325;48;279
34;666;308
362;618
358;516
660;96;620;545
441;71
117;222
572;68;413;194
365;76;502;298;176
45;417;118;15
600;516
398;26;422;440
375;343;588;661;333
598;252;462
384;105;186;314;28
125;384;517
612;259;347
6;358;517;46
362;129
107;403;175;12;353
479;272;205;500
227;119;279
511;28;632;390
144;124;480;385;134
276;34;650
277;219;599;453;615
426;546;363
438;27;134;207;344
229;99
461;342;540
479;224;137;2
456;169;458
433;124
461;326;646;472
413;109;372;614;699
259;216;520;48;311
550;337;282
219;625;606
464;587;150;635;388
627;498;674;208;579
396;166;43
480;427
587;87
347;687
599;324;105
716;460
675;201;540;403;230
104;563;507;3
266;676;345;513
178;627;229
38;556
142;272;672;14;209
332;551
415;241;516;500
315;488
206;166;248
342;89;650
615;617
266;4;474
588;359;229
610;417;558;94;719
112;159
193;735;331
329;527;696
609;704
583;323;585;73;615
133;295;197;611
77;435;605
582;305
496;229;356
125;452;305
661;27;393;399;45
709;141
198;288
663;417;649;692;703
364;493
13;467;48
479;234
641;103;474;366;19
473;371;580;662;596
489;330;720
170;370
409;88;72;378;464
404;602;93
207;352;111
569;100;445;485;523
581;228
659;401;705;254
117;416;687;145;51
559;327
734;453;252;587;263
122;340
134;397;291;375
110;230
647;102;556;561;243
462;641;475;481;277
598;388;564;372;261
475;129;48;768
518;577;324;421;29
177;407;117;79
403;411;149;676;491
632;61
340;500;66;2
32;383
163;240;485
177;76
222;94;35;301
216;715
633;81;390
617;233
342;316;403;715
58;429
733;345;417;191
162;108;457;598;638
275;770;20
713;284;294;617;441
221;557;86;71;509
487;440;384
556;559
426;147;226;566;109
83;725;142;425;479
761;680
430;715;533
2;236;102;377;132
117;695;670;296;73
495;759;475;701;203
566;312;632;12
599;47;513;426
764;779
329;433;232;391;616
387;353
49;355;153
117;244
201;641
25;98;459
397;797
22;52;732;124;661
154;335
791;610;377;690
498;467
670;6;370;658
75;505
220;358;704
261;579;88;565
57;802;193
567;104;484;453
512;537
444;776;220;502;764
396;758;163;821
328;29;268
28;134;177;275
365;615;507;716;38
615;151
535;355;139;742
85;100;247
776;795;180;635
414;430;137
478;476;311
113;822;312;388
512;455;448
562;143;768;810;325
546;490;225
497;383;616;37;130
521;274;724;522;345
485;421;337;702
226;803;444;411;431
81;770;723;565;610
819;245;116;586;535
216;671;145
578;779
32;148;48;771;291
309;811;813;101;499
187;390;624;433;432
711;485;385;526
39;167
450;679;630;399;263
495;280;35;282;399
100;769;176
385;116;842
190;642;852;588
672;42
659;289;541;398;725
310;628;161;88;408
162;359;538;558
134;569;75
370;291
841;774;172;252
490;351;487;859;564
54;768;60
321;193;201;502;584
338;179;352
333;232
199;552
31;584
547;359;502
493;784
552;638;354;47
563;332;144;490
564;292;50
6;855;464;60
245;564;341;555
173;247;412;68
721;473;387;772;678
733;188
203;754;102;376;292
112;193
89;84
170;177
657;578;166
186;659;838;302;664
794;501;155;629;339
824;313;795;851;371
724;823;595;568;202
395;757;44
57;401
342;191;110;564;838
456;228;213;193
349;320;112;780;242
665;273;162;149
342;651
279;490;166;502;805
198;146
471;431;592;429
176;679;210
832;842;105
569;644;645;359
860;238;714;173;16
729;681;648;363
362;466;519;867
569;348;185;731;555
91;709;579
78;509;288
735;505
850;381
170;117;627;109
72;227;115;675;396
601;240
89;242;816
863;569;245;148;118
734;661;113;58
295;61;896;131
148;889
121;890
286;693
290;613;197
714;62;757
795;72
522;351;648;893
208;94;169;714;540
204;595;397
681;7;557
231;285;895;96;568
231;122;352
372;545;510
73;638
778;924;829;456;864
416;719;752;89;927
366;346;889;736;839
379;799;356;259
223;726;457;199;853
600;36;236;711;157
757;69
862;680;125
674;37;501;289
72;103;758
21;23;183;210
68;176
830;342;167
894;127;581;251;407
174;301;760;683;817
679;47;506
702;687;695;836;382
863;204
19;298;64;897
176;192;487
548;591;905;551;152
559;711
917;822;224;602
309;144;282;331;899
61;926
918;752;901;622;288
619;93;727;198;464
338;744;254;897
385;885;910;845
662;529;887
116;651;604;857;882
853;98;82;342;327
511;574;670
453;61;559;951;851
98;60;801;426;497
776;794;429;407;573
913;96;203;282
778;39;772;775
186;163;242;744
155;230
826;732
765;49;844;791
199;240;610;645
788;184
324;38;739;827
103;144;895;205
618;936;555;396
783;538;396
520;478;64;738
961;905;860;633;735
230;316
5;682;196
86;400
28;493;49;608;287
458;765;605;854
916;608;385;505
865;339
860;522;622;916
656;758;630;312;130
626;88
247;600;824;528
606;284;603;320
82;97;515
121;316;447;567;239
907;862;592;866;593
309;73;704;500;449
456;237;320;60
316;158;66;477
308;108;868;498
429;672;791;989;385
366;824;250;694;633
