24	165
105	46
165	157
49	86
118	91
181	175
21	86
147	106
160	97
81	195
158	90
85	187
152	49
75	60
139	133
79	46
111	200
164	143
161	173
114	135
168	170
34	77
139	127
172	146
108	47
165	164
23	113
23	85
50	84
191	108
83	56
71	170
107	142
122	85
80	45
143	195
196	137
199	47
117	104
169	107
92	48
147	165
35	50
58	108
112	199
41	189
46	66
171	55
151	65
30	190
86	84
113	146
54	161
164	101
155	195
118	48
71	131
21	195
68	75
49	148
88	33
101	124
127	170
112	178
195	66
110	135
82	168
142	171
113	45
40	76
106	157
87	134
120	114
104	56
123	160
118	61
37	129
190	141
165	156
25	145
129	110
154	66
88	81
128	89
17	65
75	104
70	91
133	113
31	155
30	53
138	63
140	58
140	110
49	197
39	86
22	82
183	121
72	40
145	195
58	135
22	50
53	57
59	42
61	70
167	187
183	44
142	123
31	114
130	69
164	163
27	89
116	150
142	103
77	164
119	140
86	143
177	62
117	150
133	172
193	107
170	63
47	83
64	76
50	51
109	61
16	200
107	156
29	177
29	34
200	172
27	187
181	195
197	194
41	79
116	122
187	181
35	31
189	56
38	181
36	86
183	113
79	130
68	191
58	116
157	86
38	66
54	173
187	145
142	122
45	180
66	150
172	47
65	106
30	83
82	120
52	193
59	157
118	39
154	101
40	125
78	72
181	163
104	91
162	149
167	150
74	105
110	59
199	103
177	170
132	81
62	85
69	33
151	195
71	126
69	101
96	48
48	80
136	170
63	114
111	163
134	192
28	167
110	72
65	178
47	143
72	98
113	96
73	161
120	134
158	53
138	72
43	166
70	79
55	84
33	152
187	56
33	125
71	176
67	154
24	110
174	68
27	155
104	102
95	113
23	110
194	155
124	149
111	83
177	119
150	126
157	121
191	88
144	99
109	160
124	129
104	148
65	173
130	183
23	112
91	143
175	172
83	148
78	188
193	115
57	70
111	132
96	155
150	87
149	63
193	142
149	184
102	138
195	171
16	197
164	70
183	153
128	188
155	72
149	118
192	198
75	63
27	87
42	193
164	151
26	41
179	101
121	112
151	33
187	156
76	138
69	78
118	79
199	107
20	109
162	34
161	97
127	175
123	184
90	181
67	87
168	56
41	182
78	96
84	140
159	187
28	175
181	83
58	174
55	121
67	192
178	170
122	194
150	85
106	72
188	126
15	120
87	78
111	113
148	96
32	96
179	115
83	123
90	172
131	170
48	132
108	74
57	153
161	35
175	110
46	121
69	134
104	101
57	34
187	107
29	58
49	199
186	84
85	84
133	62
83	139
54	91
36	113
38	112
16	62
105	41
179	56
79	95
83	166
53	84
146	100
37	42
158	125
51	97
48	87
123	62
196	133
156	137
49	111
170	191
16	194
110	118
167	81
183	164
33	54
183	106
65	54
72	36
165	113
56	96
137	61
94	43
15	72
179	160
144	72
176	89
24	128
55	108
114	111
124	198
81	45
109	112
94	79
181	196
160	192
90	40
39	89
151	52
180	108
145	74
22	98
88	131
121	110
86	147
40	41
129	181
176	100
100	31
77	49
120	114
77	118
73	188
141	140
91	150
140	177
110	85
126	189
90	160
93	158
189	74
95	42
74	40
81	39
189	58
39	71
103	171
172	94
113	135
188	194
45	178
119	76
27	133
94	75
137	131
45	106
28	154
185	130
94	135
54	180
113	197
146	52
188	148
120	184
30	79
131	76
136	134
23	193
155	163
75	117
42	71
151	134
83	54
45	31
151	134
136	58
159	104
22	164
17	122
51	176
109	149
171	188
141	170
16	41
144	126
110	196
87	152
28	124
124	65
148	142
176	171
123	90
70	139
95	145
151	101
89	117
175	100
75	175
126	137
50	99
170	75
115	192
142	189
74	135
62	38
131	69
198	54
91	142
53	66
187	180
175	127
53	121
128	110
152	119
112	116
200	61
166	101
198	121
128	48
180	43
58	143
33	116
146	115
130	182
30	173
179	137
71	88
37	196
32	52
122	181
153	118
198	159
145	126
76	127
46	134
75	173
108	186
76	115
88	54
188	37
134	60
134	173
120	110
62	37
138	134
197	154
22	133
55	41
162	114
57	73
82	179
129	198
155	58
189	171
61	59
85	130
139	76
103	165
176	91
143	71
109	67
80	111
79	103
89	148
17	40
108	148
66	149
22	74
118	131
129	102
132	135
123	33
94	65
47	161
89	182
125	157
187	106
149	81
38	188
186	161
95	153
182	71
43	194
74	181
107	69
33	71
99	145
122	180
53	123
85	162
71	67
59	44
160	196
68	105
148	159
64	160
43	193
35	120
168	128
17	157
83	177
153	71
29	188
57	75
125	163
31	156
82	179
31	92
115	56
57	169
92	119
195	142
142	57
83	61
35	48
196	181
89	143
166	107
53	62
64	72
15	50
128	182
96	95
104	76
174	30
115	101
118	156
187	57
119	99
97	124
151	186
180	49
85	194
126	80
199	71
152	46
124	56
46	58
56	159
98	139
26	109
57	58
35	86
185	190
72	186
182	35
23	39
154	39
80	91
55	88
117	97
56	195
19	146
128	47
91	127
156	169
106	64
142	115
169	171
191	182
133	130
92	32
136	36
15	79
182	118
125	157
200	69
119	117
18	47
41	200
134	180
27	80
195	48
80	33
181	150
105	74
195	60
38	71
134	128
191	193
173	47
18	137
117	89
183	183
128	125
32	156
171	154
46	139
104	147
75	121
17	142
18	176
95	178
63	79
21	193
102	173
154	107
153	174
81	54
71	147
64	188
115	30
138	186
20	34
159	85
192	46
67	43
122	144
190	61
52	175
99	101
141	176
196	46
176	107
42	135
114	51
200	129
50	138
194	97
138	187
148	188
84	52
147	172
138	64
133	194
159	91
102	159
172	132
129	148
30	94
173	192
113	114
20	110
90	71
57	154
50	150
101	60
176	68
76	126
93	77
32	165
40	147
51	64
148	37
195	59
126	123
103	132
40	66
183	118
43	38
180	159
192	96
176	181
160	146
81	177
95	88
194	96
116	122
129	162
86	182
179	102
67	184
150	103
93	178
74	146
199	149
81	71
44	153
110	72
162	173
55	48
68	80
66	120
115	34
188	168
125	81
165	76
36	30
37	38
63	94
94	175
168	130
79	123
26	185
181	40
20	159
194	71
192	195
121	133
197	114
98	69
154	53
17	52
33	124
131	45
28	58
30	124
82	52
112	161
142	88
35	30
114	139
53	150
120	74
93	34
67	34
130	119
161	48
194	97
87	38
182	148
146	83
50	190
179	179
41	80
61	144
28	177
39	77
144	107
194	114
95	71
56	128
168	117
81	156
64	162
172	182
50	159
177	75
33	104
166	122
99	160
120	154
98	53
57	60
163	125
77	45
45	136
56	182
97	148
92	178
126	163
112	103
177	155
187	160
154	114
19	155
79	49
109	42
102	135
66	159
25	133
30	183
89	198
193	61
153	184
161	45
16	179
33	199
129	119
109	89
136	76
133	126
69	125
168	71
96	94
177	90
56	130
112	168
139	34
84	156
117	97
189	163
73	180
119	112
82	86
108	126
52	173
177	106
62	76
25	45
177	61
45	108
159	117
173	131
44	107
194	133
34	129
51	156
22	88
149	191
147	159
28	165
142	128
149	131
85	124
125	39
117	66
67	92
183	120
79	116
161	184
113	52
40	107
43	59
74	182
29	37
189	132
79	189
31	181
137	128
60	135
178	189
169	109
53	81
126	148
75	69
96	199
84	88
145	42
166	144
50	65
184	119
147	171
187	139
173	119
68	32
143	48
78	96
91	175
119	167
146	183
116	165
20	158
76	148
19	130
108	33
190	181
175	103
173	164
97	92
162	154
77	84
200	110
38	104
128	91
22	86
169	50
178	40
130	83
85	168
161	47
175	173
121	193
33	137
130	104
41	32
59	129
183	131
120	119
137	155
149	162
73	146
157	153
53	60
45	140
86	42
18	110
193	88
175	187
66	136
17	110
52	186
159	181
160	122
133	172
36	30
47	54
112	106
149	195
99	33
68	82
85	69
16	117
174	199
106	198
61	92
118	180
71	176
159	92
173	126
91	52
135	43
39	70
191	48
96	110
68	35
94	165
36	151
128	156
71	40
91	37
73	148
148	173
119	191
43	166
30	41
51	99
152	190
179	190
107	183
136	33
169	194
116	113
59	43
43	169
88	101
153	128
181	154
46	135
115	137
73	117
38	88
76	163
43	185
119	92
180	125
69	41
111	65
173	119
170	56
77	123
147	198
134	70
56	64
122	198
121	148
38	179
121	197
145	124
26	110
138	45
156	39
49	52
155	57
44	124
119	164
159	99
93	143
136	39
110	163
134	160
45	40
192	102
142	78
119	38
158	183
189	162
89	146
52	72
115	146
37	58
51	86
192	53
153	150
148	79
137	71
179	175
189	115
107	136
26	108
114	105
195	130
187	180
174	145
61	43
172	117
51	137
170	187
72	55
116	179
187	144
111	143
101	58
188	181
185	121
184	159
54	95
165	131
144	39
26	66
79	39
182	173
90	89
149	59
39	75
193	171
125	129
91	113
161	136
128	146
95	61
54	54
200	104
42	189
47	199
164	159
188	90
67	137
108	63
60	192
134	57
114	47
126	34
59	116
113	106
58	144
62	147
175	114
44	60
40	88
74	137
109	53
74	47
177	60
96	80
156	152
152	166
76	33
25	181
173	109
42	89
103	90
177	136
81	132
76	31
114	125
72	87
152	135
46	83
149	123
37	38
43	158
112	91
49	35
39	159
19	82
53	183
61	70
149	167
164	173
15	47
83	63
112	184
53	191
169	35
118	129
77	55
138	138
42	169
151	170
23	84
56	33
118	118
150	40
126	149
136	75
168	129
117	163
175	65
96	149
82	191
42	50
125	38
143	182
109	167
70	135
111	193
23	174
174	110
133	140
56	89
138	194
181	47
198	30
33	92
39	171
23	88
199	102
131	113
54	72
146	86
31	147
83	189
170	57
177	140
100	161
18	67
103	89
38	135
160	185
167	31
164	40
161	32
71	42
60	181
160	75
130	165
158	103
119	98
119	42
98	91
186	181
91	86
167	72
33	161
76	149
172	72
25	80
146	91
147	104
165	34
159	118
80	119
138	189
156	133
114	31
114	97
185	86
57	63
31	184
87	190
180	88
111	76
147	192
93	196
57	168
111	177
109	48
34	123
165	182
39	179
19	156
25	64
173	39
124	83
198	126
102	104
185	152
174	80
134	116
22	31
139	185
71	69
97	57
193	146
107	81
149	187
166	155
48	72
199	145
145	64
69	101
75	45
61	79
195	105
32	92
74	79
164	66
166	70
56	199
152	170
16	135
64	92
159	175
58	128
196	192
83	174
43	77
52	159
154	48
92	153
163	151
89	93
137	153
127	199
157	72
129	153
195	49
170	40
199	171
91	68
29	30
130	37
195	173
110	168
35	171
150	124
121	115
115	162
35	182
197	73
191	147
16	189
49	128
70	146
175	67
59	167
172	91
32	85
153	141
72	179
149	64
131	89
147	180
80	181
124	146
128	114
94	199
17	78
30	96
22	135
185	37
153	185
62	90
94	135
20	179
131	141
99	84
104	108
61	86
178	188
73	71
125	33
86	166
61	88
23	155
113	44
152	38
28	193
197	134
122	195
102	67
57	174
45	165
96	108
17	115
51	183
50	63
103	86
159	150
30	103
142	105
64	48
148	197
20	96
87	85
111	107
100	32
156	123
73	151
148	155
176	106
30	66
38	142
56	199
39	160
40	48
37	64
166	70
68	139
84	151
81	55
29	37
194	148
44	56
155	47
18	84
65	194
48	146
92	47
66	69
24	70
45	34
183	72
159	110
49	69
173	139
32	101
112	190
98	138
172	160
69	71
128	105
186	108
156	164
182	194
27	190
19	67
84	118
91	85
149	133
196	141
158	196
119	149
152	41
142	50
171	181
35	100
120	123
48	75
126	74
73	149
107	117
150	34
171	66
171	76
33	184
127	164
99	108
48	74
96	143
134	141
22	62
123	88
33	73
160	150
86	35
82	75
200	173
129	132
126	159
94	138
19	121
163	31
190	129
78	152
18	127
129	182
34	158
136	30
111	117
147	155
144	93
54	155
138	187
133	147
104	170
42	31
100	150
87	191
20	164
105	132
41	141
48	82
81	179
139	100
112	46
90	105
100	113
120	129
75	75
111	83
47	195
135	80
198	188
122	38
29	136
89	101
180	40
131	182
183	105
184	162
74	178
155	103
61	94
106	115
83	168
138	146
54	144
128	50
15	174
153	109
170	161
162	66
60	186
134	36
101	193
72	78
99	179
87	177
168	30
54	106
94	78
65	109
19	99
114	48
115	128
109	143
104	150
116	105
40	145
45	56
16	190
113	77
196	178
87	165
160	174
69	161
196	39
142	83
61	70
45	128
182	61
28	116
72	82
51	162
125	113
59	56
50	129
56	84
143	37
147	148
46	76
33	76
105	166
20	82
177	187
121	79
199	119
96	162
104	174
54	148
169	119
105	55
31	89
172	184
187	53
65	137
80	184
188	154
57	39
141	67
42	92
149	169
121	101
156	190
194	189
65	104
113	98
101	64
169	67
20	55
126	133
199	88
69	142
139	76
179	131
144	170
79	178
145	182
37	78
155	127
130	60
120	52
158	94
36	64
175	116
130	106
73	37
140	97
67	200
164	123
159	174
116	195
95	57
159	171
124	61
168	34
158	56
77	170
200	37
119	59
115	82
127	113
83	138
179	55
64	114
48	126
123	66
183	56
51	103
108	47
21	150
57	160
98	79
152	108
116	49
152	106
126	194
20	131
106	99
17	162
114	113
137	114
150	37
25	90
109	126
47	143
139	79
141	46
132	56
69	171
77	129
50	176
72	175
95	142
60	150
89	189
58	102
115	72
19	127
128	62
155	155
127	83
188	77
175	66
141	87
133	85
22	35
131	121
184	111
147	180
157	131
172	119
154	169
113	141
47	195
46	87
151	46
68	189
149	43
37	105
191	110
150	119
172	166
154	164
77	48
166	150
17	112
157	60
80	173
165	184
189	170
148	158
115	180
34	120
19	170
167	84
60	89
75	63
113	126
119	121
61	72
48	133
31	57
173	43
61	59
80	197
79	66
163	52
103	65
58	123
45	77
19	72
70	197
157	40
148	196
173	179
49	177
130	33
90	147
42	94
175	128
189	199
53	120
85	189
74	99
91	165
23	135
142	194
21	176
81	126
105	47
132	40
110	111
107	51
96	66
122	66
119	200
130	79
20	88
175	80
158	67
135	174
181	137
168	134
194	96
28	179
62	143
118	132
194	135
95	102
24	170
100	163
32	128
65	56
100	168
31	169
138	60
194	127
159	180
166	95
49	68
112	156
37	193
111	112
97	187
24	127
24	55
49	134
75	31
80	186
150	75
119	58
59	69
183	139
26	168
136	163
145	114
43	80
106	98
181	73
40	74
181	45
30	66
198	100
133	138
87	149
165	80
44	45
38	65
48	68
200	71
113	46
49	146
96	49
82	135
21	64
186	108
55	60
128	81
180	165
200	186
31	37
127	133
53	158
120	67
151	192
103	177
69	103
190	59
58	69
189	34
76	152
29	107
132	109
99	153
60	178
116	30
193	108
101	188
145	198
167	49
184	31
188	50
151	135
50	105
73	111
38	174
39	152
134	193
90	80
43	79
52	55
119	110
145	72
75	36
107	46
127	52
168	62
105	106
34	66
123	110
173	187
173	179
52	47
88	114
138	77
156	89
28	151
188	73
139	119
115	161
28	107
141	113
74	123
118	86
39	52
127	134
160	60
193	100
100	44
123	60
87	169
178	128
147	42
55	195
99	174
138	117
139	110
81	64
22	72
111	196
37	171
35	67
147	65
192	80
120	175
80	89
175	65
180	123
184	153
200	96
124	62
97	176
122	199
148	83
200	146
143	158
48	96
173	64
74	160
128	110
77	181
63	76
18	59
164	195
41	148
62	136
127	98
84	88
169	124
84	57
80	39
169	75
17	104
89	100
188	61
149	80
68	161
157	75
121	148
19	169
49	37
98	107
69	124
47	150
123	135
88	176
54	179
163	112
51	87
62	155
163	73
126	119
200	108
95	132
160	131
166	168
77	134
58	92
164	85
109	60
182	148
63	113
190	74
16	164
52	179
57	119
110	51
175	127
120	31
31	64
122	151
109	48
161	51
196	172
21	101
99	159
198	71
115	111
40	104
33	134
74	63
98	173
176	117
97	69
103	79
101	109
63	120
64	52
36	198
49	62
130	125
129	104
36	143
95	163
25	63
56	147
86	30
30	51
172	147
85	48
168	149
54	156
79	81
181	127
52	200
39	185
135	49
16	56
144	97
169	134
55	124
106	146
79	121
123	139
65	124
61	191
77	182
69	99
125	44
119	174
49	59
134	114
122	87
46	92
40	115
137	78
85	33
51	110
116	91
153	63
35	59
16	102
139	142
174	78
168	139
161	137
184	49
195	62
44	108
168	131
197	159
84	58
73	161
113	159
69	95
110	47
54	88
61	162
120	34
120	78
19	86
176	40
183	166
118	134
96	109
137	45
136	116
40	77
200	77
178	192
111	121
145	147
126	116
80	112
127	176
195	84
133	112
175	134
109	175
86	70
41	137
152	59
60	97
23	66
54	123
75	153
74	62
172	112
49	184
188	142
167	110
173	84
95	157
189	119
164	81
73	55
20	154
43	110
191	176
111	46
190	165
47	104
115	171
24	167
154	140
181	100
187	131
172	116
51	132
40	142
36	169
43	113
42	180
189	94
127	164
32	141
88	149
23	57
188	101
118	185
148	80
110	90
153	165
46	126
57	42
126	82
89	146
147	194
89	49
92	146
171	60
50	176
55	58
153	124
108	90
145	132
143	40
38	100
160	191
152	189
166	32
131	150
27	31
180	145
164	181
178	171
16	86
89	38
163	38
87	65
161	36
82	78
78	176
184	169
115	199
64	105
26	127
41	186
68	186
51	38
198	118
33	70
22	57
120	139
154	107
192	135
140	157
97	177
180	57
65	168
38	191
22	197
128	179
157	140
122	123
183	186
60	129
66	194
52	114
25	115
116	189
53	108
40	126
169	160
79	144
152	108
158	98
79	119
145	51
174	129
182	95
68	104
179	168
85	65
30	35
75	126
87	145
89	174
52	120
179	200
146	42
132	140
53	164
28	164
53	191
53	180
160	171
155	160
73	49
41	112
185	127
27	36
164	135
175	104
103	57
16	171
120	96
22	53
51	68
167	168
25	95
87	152
16	155
100	169
42	32
174	54
86	54
185	151
133	161
185	49
52	96
169	184
86	92
160	101
59	188
67	170
24	68
130	31
94	198
178	166
126	43
119	180
106	98
199	90
110	47
40	170
174	166
51	138
178	68
172	184
57	50
171	39
22	100
151	90
20	84
93	156
16	97
120	190
33	100
197	134
109	138
27	95
154	148
34	134
67	110
57	31
102	64
155	105
157	198
165	69
134	113
195	173
109	68
110	107
189	173
151	161
144	116
52	119
172	69
111	122
129	152
182	69
110	189
197	139
174	105
104	125
62	180
26	104
29	77
86	193
151	33
177	125
99	194
140	95
68	139
180	190
154	77
129	100
50	124
200	163
38	184
86	171
149	135
189	59
141	36
143	115
20	177
45	128
120	48
145	162
174	155
92	183
52	72
183	52
172	128
189	132
44	32
167	123
22	149
108	121
145	134
127	105
120	154
32	74
147	55
46	190
166	166
49	154
30	101
178	105
166	153
38	169
138	120
96	142
188	111
48	69
62	67
173	105
17	128
61	135
120	129
79	166
32	195
146	184
25	196
99	127
96	196
78	142
141	91
107	39
94	157
184	64
22	195
160	85
140	110
100	47
117	109
15	173
172	95
55	123
77	39
30	54
95	161
71	128
107	53
57	98
77	167
72	35
164	108
184	72
113	170
194	108
91	104
183	182
144	129
162	79
176	172
148	137
189	103
108	185
192	166
35	101
103	45
59	167
114	130
53	152
109	167
189	114
139	151
113	47
166	57
99	113
19	51
87	31
108	166
129	198
106	52
124	140
165	62
89	123
190	164
174	181
72	167
86	168
52	192
15	99
54	175
114	88
192	51
95	118
133	82
57	138
64	174
73	84
97	119
66	55
148	139
57	158
117	158
39	200
103	67
163	95
45	133
160	178
38	82
117	112
142	113
162	151
108	47
96	160
127	119
97	185
63	175
156	33
158	99
189	178
173	156
71	188
165	159
57	185
40	179
134	148
27	160
132	192
43	64
27	143
120	75
100	117
64	69
167	71
29	163
187	116
190	140
109	31
120	43
123	138
159	165
58	118
184	168
77	53
104	98
80	169
200	170
68	43
181	53
146	107
38	122
66	166
73	62
182	41
64	91
36	171
17	50
83	34
183	76
67	61
84	59
161	148
189	55
149	153
134	102
178	154
36	105
60	37
51	109
89	31
58	98
69	62
28	49
93	85
169	54
161	164
83	85
25	192
168	83
36	92
141	181
75	84
27	52
31	66
130	59
22	158
180	89
87	176
191	61
173	99
136	101
44	136
64	101
156	61
107	155
72	130
92	56
81	159
59	89
18	185
67	70
122	102
18	198
49	120
197	175
24	182
128	128
149	99
194	49
105	38
125	55
37	105
174	50
164	61
97	60
48	77
183	33
130	130
74	156
169	54
94	99
159	178
159	41
118	131
157	179
111	136
34	85
172	130
17	43
125	135
103	182
114	184
173	98
120	197
36	31
154	129
137	30
128	66
25	40
149	182
112	194
81	81
170	187
199	47
39	174
106	80
29	32
17	184
47	192
124	97
131	93
93	114
60	79
100	51
176	80
124	93
150	96
127	53
123	72
109	189
155	87
196	47
40	154
20	35
72	168
192	111
39	71
25	87
58	130
195	190
152	71
44	64
190	178
45	102
174	124
141	141
200	93
133	115
18	97
34	154
164	97
189	57
38	181
78	54
110	128
69	81
150	190
190	69
45	32
197	115
108	61
174	49
74	155
90	169
76	59
115	59
100	66
180	42
81	172
89	122
106	43
30	103
199	123
85	132
49	73
45	147
54	63
147	59
86	157
64	162
117	151
196	40
47	177
88	143
198	116
77	71
93	40
144	65
165	108
83	149
183	93
147	42
153	195
81	77
48	30
155	165
157	56
98	129
19	71
72	153
76	41
165	99
32	31
111	155
112	152
180	180
37	120
150	192
73	118
88	126
184	164
84	170
84	56
142	40
111	195
163	178
69	155
179	153
34	137
189	188
51	123
63	35
195	160
143	85
182	196
114	31
106	119
104	100
168	181
108	135
161	127
150	57
126	193
85	139
46	135
38	64
58	150
49	87
169	197
170	108
43	188
128	101
42	161
57	100
126	148
195	50
72	83
108	92
140	131
91	173
73	31
165	100
72	124
149	35
68	105
54	50
127	43
154	190
147	176
80	56
165	163
163	99
108	32
133	115
176	98
73	118
173	178
160	165
160	149
42	64
98	68
66	192
19	73
156	73
26	47
57	124
62	84
198	133
121	50
24	123
49	70
141	183
107	109
96	57
142	194
36	94
65	172
172	100
174	126
129	112
198	41
170	56
186	174
68	151
47	187
86	121
192	191
169	182
117	177
49	61
54	86
107	198
108	48
101	137
105	198
153	128
77	167
44	195
59	183
135	53
189	107
56	103
164	100
24	77
85	164
101	44
86	197
89	167
168	86
194	64
187	100
182	145
110	196
144	73
199	38
150	49
24	59
155	191
104	104
163	126
101	87
197	157
153	160
124	41
171	88
60	142
147	121
78	179
24	62
126	167
66	146
49	143
90	129
145	108
173	139
112	146
96	94
92	102
83	80
21	103
188	123
153	90
162	186
142	91
171	42
169	127
105	161
178	103
114	38
46	73
120	50
100	164
197	166
85	74
20	151
192	75
128	152
160	100
114	92
184	169
118	52
164	41
32	154
120	75
34	170
56	124
111	181
191	90
53	197
171	82
48	86
164	126
32	44
49	185
62	183
124	181
180	200
95	30
80	122
107	88
63	44
67	195
40	111
50	154
117	191
99	103
26	188
42	94
21	65
33	133
194	158
59	189
155	184
51	137
141	117
49	77
61	51
20	78
181	38
46	174
99	182
102	112
193	191
115	72
177	31
109	141
20	112
55	105
16	148
200	124
142	48
113	68
142	184
36	198
154	119
172	30
89	80
26	94
93	147
160	33
27	41
148	34
77	193
29	179
146	179
117	99
106	97
86	181
34	107
124	149
196	32
20	174
98	43
179	98
37	94
69	76
50	139
55	131
184	171
60	57
137	40
16	125
79	183
66	157
177	77
56	138
63	184
194	54
125	119
23	65
180	42
90	45
77	153
68	137
19	53
41	169
55	75
74	136
18	31
20	165
148	122
48	185
113	121
184	190
84	190
101	112
128	180
98	40
78	164
100	167
69	111
96	166
112	180
95	151
39	53
91	165
171	156
165	141
57	30
148	43
127	131
106	92
39	194
43	153
52	159
76	144
157	75
147	59
159	75
49	86
185	136
166	83
85	85
50	62
124	111
130	145
153	114
193	44
43	150
60	62
138	136
181	116
16	45
63	195
65	119
54	71
123	63
146	185
182	81
25	103
139	133
168	79
34	80
121	73
168	95
149	167
164	107
53	118
88	153
90	136
191	37
120	99
16	59
161	199
29	61
108	66
93	153
172	159
187	63
167	142
96	103
143	98
181	190
132	50
128	189
50	123
160	135
110	146
87	57
189	173
45	164
55	58
22	31
60	176
71	191
33	88
22	194
168	79
32	95
192	159
158	131
26	54
139	182
36	134
59	98
97	53
148	121
156	70
85	66
102	118
192	39
178	119
120	99
128	40
119	65
133	109
23	89
148	88
50	57
147	46
200	38
168	148
121	89
118	88
166	126
153	76
49	100
109	163
68	191
89	145
161	159
32	166
56	144
155	164
63	31
155	175
93	62
126	101
92	145
24	117
67	34
113	158
32	148
140	84
62	109
90	35
133	177
148	80
63	157
52	171
43	30
138	193
76	141
90	195
125	46
92	150
187	161
44	137
172	126
149	188
147	45
97	94
101	109
92	106
39	179
100	92
170	163
178	86
180	92
60	94
57	115
151	38
26	118
17	93
63	89
96	84
90	93
96	90
40	94
154	90
22	129
151	146
101	99
121	61
109	65
46	108
75	157
107	186
93	135
76	61
59	137
105	83
154	143
76	95
22	87
41	134
60	45
127	159
132	109
147	58
92	171
114	43
37	93
184	196
199	135
157	146
21	177
162	35
196	72
115	113
151	58
134	96
84	86
62	52
52	89
115	173
99	51
64	85
170	154
120	83
84	66
101	194
200	73
102	140
94	60
181	48
66	62
196	189
85	111
94	198
188	45
87	99
135	157
111	171
28	152
175	73
187	191
169	77
190	64
134	153
90	61
77	82
117	193
42	73
76	94
88	180
140	75
196	132
170	136
61	140
117	156
69	170
120	200
75	60
21	105
120	63
84	194
165	101
126	136
136	62
143	115
171	160
130	130
200	64
46	105
178	118
196	95
153	88
139	93
82	67
15	88
23	84
23	122
162	107
18	50
87	104
49	181
123	164
73	96
111	121
117	191
15	81
79	74
160	121
148	93
24	128
169	78
96	167
164	70
175	157
86	183
174	125
152	85
105	184
75	185
39	174
114	194
186	160
95	174
169	157
181	82
171	73
107	145
18	173
200	37
176	188
125	146
74	188
39	96
113	154
143	90
100	141
135	32
167	53
180	146
139	175
127	175
59	149
169	146
198	113
196	72
130	161
67	141
178	64
35	119
157	129
179	78
83	78
24	47
120	59
115	110
104	100
27	161
22	158
162	108
107	190
98	38
169	142
158	33
41	109
97	44
26	81
69	92
77	65
119	113
48	153
55	126
148	120
195	196
87	154
170	66
17	43
54	159
46	131
190	107
179	164
130	105
72	166
162	141
86	172
160	182
55	198
64	53
156	133
138	106
151	72
16	187
41	111
85	169
152	196
105	55
154	51
46	112
104	54
35	181
37	92
178	185
114	68
23	100
137	53
184	71
160	118
60	81
175	171
30	194
41	73
133	69
88	80
97	140
134	93
184	119
24	97
117	81
73	102
86	89
39	163
42	71
125	34
41	132
143	49
50	53
26	104
142	103
82	54
119	49
188	151
105	142
139	51
191	60
144	50
91	164
181	82
197	199
115	179
181	134
114	135
71	100
111	60
170	73
167	186
132	126
69	77
71	92
172	97
51	52
120	195
25	82
169	133
158	133
58	185
198	165
189	115
146	174
117	147
100	136
74	67
73	133
87	161
151	171
48	196
47	152
100	178
177	137
53	65
76	161
162	102
168	73
115	39
152	40
94	128
130	128
71	95
169	37
41	128
124	36
175	80
17	30
175	115
96	196
98	58
48	83
33	45
136	92
38	137
89	93
37	40
97	36
138	98
183	162
16	184
29	112
165	108
98	69
27	103
183	53
54	153
86	72
142	44
94	31
175	49
53	87
189	47
88	42
68	71
173	65
84	62
196	93
57	114
174	114
54	95
18	184
171	182
98	122
124	133
65	190
23	135
75	90
21	160
184	81
192	174
172	196
39	105
124	43
52	199
139	139
185	180
169	111
36	109
198	184
82	163
107	125
146	182
55	181
15	90
147	99
34	123
100	187
173	76
55	169
46	183
16	53
87	158
26	85
62	198
58	33
109	198
184	36
44	186
161	96
76	177
109	53
138	89
135	40
112	137
100	135
159	86
178	150
193	174
25	48
182	40
99	137
59	153
110	199
161	147
15	151
142	173
56	154
109	82
96	198
97	111
91	171
177	189
94	171
144	200
86	68
64	131
176	47
76	112
106	197
41	171
161	99
108	93
71	198
66	133
24	52
29	40
139	134
67	186
71	196
159	165
104	88
61	57
16	158
71	185
179	102
36	39
75	168
96	151
133	112
34	59
47	159
70	167
113	39
164	161
101	109
152	79
192	50
81	188
83	105
150	163
159	91
144	93
91	65
23	99
91	141
124	71
79	79
89	106
173	162
72	137
90	124
175	83
88	139
62	166
177	45
81	163
93	187
175	115
127	166
94	89
200	101
147	45
184	110
88	194
141	79
64	139
45	169
129	185
96	75
38	37
199	38
79	132
173	58
32	50
85	111
171	89
41	161
51	191
27	173
51	133
76	130
114	189
34	43
112	149
175	127
23	38
75	119
134	53
78	83
47	90
48	85
67	137
58	63
67	84
25	143
199	100
56	102
96	126
69	88
165	76
77	129
125	49
127	58
36	100
92	68
146	60
66	182
74	182
127	83
86	43
182	60
98	135
77	83
92	181
113	32
65	118
55	49
99	52
168	181
84	32
195	197
83	43
69	188
27	100
193	148
154	100
132	200
83	96
164	115
128	146
71	150
133	68
73	58
93	79
115	135
74	120
160	98
147	138
57	113
58	196
18	197
77	135
30	38
177	129
143	191
146	163
154	121
188	119
168	170
27	137
111	151
27	184
178	143
177	126
15	163
173	60
41	199
74	118
183	163
42	124
111	111
28	91
130	193
156	128
157	56
38	125
100	191
84	158
174	197
162	186
103	176
183	160
69	98
166	82
43	156
68	181
36	74
121	194
67	84
137	89
48	177
196	170
183	188
172	88
67	137
33	155
60	120
94	156
75	57
126	122
197	189
84	93
79	79
85	48
169	110
169	77
65	198
135	101
137	125
77	155
59	185
63	81
53	162
97	153
163	160
140	186
155	192
141	58
82	125
120	33
131	162
190	74
96	195
56	153
27	192
30	120
80	99
89	144
44	198
122	152
51	111
52	157
43	189
104	90
126	46
121	115
108	158
75	162
145	55
75	79
185	125
163	185
49	70
94	122
43	143
35	153
136	145
18	157
105	197
19	65
103	107
150	125
54	63
75	51
169	83
34	102
25	49
140	134
164	49
175	75
156	154
56	190
55	120
66	118
31	82
140	63
23	173
176	198
169	79
60	40
52	85
41	192
74	75
110	65
170	83
61	85
181	191
40	129
51	136
138	77
19	157
189	128
173	107
195	75
200	189
89	61
151	110
191	46
117	164
32	195
170	46
191	136
121	169
132	50
47	33
132	49
56	44
20	70
29	146
112	154
123	149
38	182
20	177
166	42
160	67
39	40
101	126
141	153
180	34
134	78
66	159
86	34
99	166
125	140
169	33
50	101
147	118
75	113
77	181
176	190
126	178
60	168
141	67
93	159
148	183
135	46
23	167
96	165
130	130
49	139
183	48
123	185
122	161
132	145
45	67
83	153
161	133
41	102
52	163
126	94
119	118
120	146
156	193
67	103
190	53
132	106
113	86
185	178
71	181
40	172
57	136
32	144
162	70
94	46
112	181
185	172
104	95
109	147
191	78
95	151
71	168
200	49
33	80
18	37
58	139
186	179
164	118
146	149
24	137
132	128
162	199
125	168
185	90
55	170
179	175
38	151
156	59
143	121
44	87
112	195
163	33
112	141
35	50
181	195
45	32
103	116
193	157
103	137
84	141
120	146
30	161
97	61
148	73
108	173
89	133
97	69
74	41
157	84
177	96
191	153
84	78
166	116
119	168
72	79
163	51
24	177
39	35
129	161
150	49
196	67
115	80
15	91
30	113
149	104
152	42
43	34
68	44
198	128
103	145
123	181
30	65
84	71
39	76
200	183
74	71
77	56
95	76
190	170
102	67
25	170
87	83
113	63
156	144
78	75
145	76
68	139
43	91
173	50
26	92
62	144
32	35
16	149
33	92
162	193
163	158
175	123
142	142
148	199
25	79
137	141
72	35
142	113
174	116
48	109
139	150
26	177
80	48
167	79
125	105
180	79
174	199
195	137
104	104
187	42
186	88
82	47
115	137
88	86
115	47
73	58
107	102
135	154
45	112
44	97
63	186
65	138
55	193
71	183
81	142
59	168
185	105
122	57
23	196
160	76
25	71
148	170
163	151
75	134
165	45
106	85
151	119
179	32
143	116
132	71
65	88
94	61
111	114
85	182
195	178
28	164
159	87
132	136
162	36
65	55
135	92
23	87
121	184
109	35
105	104
15	123
157	164
141	31
186	76
154	197
151	180
27	116
17	125
62	196
129	92
169	112
112	137
130	88
189	77
57	187
103	132
69	119
139	155
129	192
26	96
118	66
87	138
70	174
154	65
126	154
117	86
67	75
67	178
175	138
99	183
164	152
157	176
176	83
191	53
184	50
150	111
91	153
118	140
113	47
157	65
15	197
26	194
175	180
200	37
29	196
166	99
194	143
55	77
15	197
87	67
140	121
98	82
68	156
113	173
108	156
77	171
55	121
19	171
112	155
69	198
113	113
43	104
147	147
163	144
140	53
80	180
195	148
29	133
199	183
30	137
105	187
98	191
134	179
87	177
92	181
55	165
180	63
121	80
58	188
100	144
75	103
42	197
117	43
157	166
17	191
160	129
34	96
170	192
137	49
70	98
168	154
149	103
24	55
184	101
26	38
191	98
164	162
38	162
136	168
91	161
52	105
102	37
173	46
18	128
127	176
166	73
141	136
74	190
143	78
115	62
32	148
105	172
56	91
45	185
57	95
86	181
194	47
71	91
111	42
82	198
139	199
170	197
50	120
44	168
48	130
44	199
81	109
108	197
133	100
16	178
79	148
20	69
42	160
123	185
140	167
47	170
30	195
15	83
50	161
199	72
109	72
196	199
39	158
161	148
179	132
122	104
180	110
176	54
120	171
24	200
167	102
60	53
148	39
73	106
62	70
152	96
146	52
64	46
90	114
196	36
113	166
40	86
171	42
84	134
106	39
191	182
184	101
179	83
92	149
183	40
62	60
18	169
138	145
132	61
141	150
130	114
27	70
142	83
115	140
87	199
174	50
127	149
132	47
173	127
179	145
71	81
137	66
70	189
92	90
40	151
69	44
129	178
167	194
124	136
194	60
116	76
18	102
164	141
178	116
93	197
22	196
121	122
80	173
80	82
17	152
68	69
138	84
162	67
87	30
170	33
15	123
105	193
82	198
191	70
100	139
158	45
31	128
16	75
152	86
117	101
99	77
113	88
99	130
126	90
67	193
190	122
52	99
167	30
106	147
113	122
126	188
188	184
60	54
16	191
166	190
25	98
110	131
198	96
85	150
37	95
147	48
95	136
106	137
85	62
88	148
96	80
149	152
180	67
36	66
131	119
169	107
164	108
175	127
58	59
61	92
122	93
187	181
172	168
80	36
136	81
183	45
174	144
110	121
119	160
184	51
75	132
106	117
134	68
86	49
147	178
129	165
75	120
84	99
112	33
76	62
127	92
96	83
47	57
157	168
155	44
150	169
134	41
20	147
34	192
42	171
171	156
157	91
89	30
141	82
27	156
154	75
53	84
27	129
119	169
188	151
186	194
184	63
87	60
160	107
56	45
145	89
165	101
141	132
119	126
73	105
105	149
141	189
181	75
189	120
108	113
155	52
155	171
99	95
92	34
193	73
194	71
173	58
52	181
162	61
177	144
188	175
100	160
125	45
168	61
173	74
181	72
64	114
73	193
78	173
105	59
31	107
195	69
120	135
21	158
185	133
170	154
156	170
189	188
60	168
18	174
27	134
179	89
20	37
148	84
144	162
17	147
186	55
38	160
51	55
136	147
171	188
160	97
45	52
127	76
158	132
119	164
17	131
21	62
54	56
135	93
34	68
145	68
156	146
104	111
196	54
53	54
186	137
190	30
154	187
28	176
110	84
140	151
99	93
60	73
72	88
146	83
159	91
16	75
146	102
95	117
178	35
194	143
46	160
109	161
161	124
45	198
140	193
181	157
19	157
112	61
47	40
179	95
199	74
15	119
58	175
103	181
146	76
31	63
139	191
16	160
163	161
24	151
53	83
158	131
98	170
184	38
21	44
66	30
27	42
57	182
131	63
92	108
35	67
191	69
82	158
38	119
110	151
98	149
29	106
76	92
199	80
20	74
118	193
31	178
168	182
22	151
86	116
134	113
172	46
148	98
102	174
68	76
99	130
32	43
90	60
166	96
148	43
93	129
196	182
66	35
102	127
114	183
98	104
114	69
169	138
151	163
183	72
90	167
119	169
120	145
164	164
21	156
181	151
168	197
183	48
68	50
68	189
88	86
164	104
28	79
16	64
37	157
39	82
90	179
85	137
187	145
174	39
168	156
20	188
21	46
187	105
169	183
38	114
32	163
155	164
58	193
155	153
77	42
41	142
113	113
29	179
138	143
105	192
161	153
181	196
97	101
117	142
144	91
136	177
93	140
152	45
173	96
40	150
143	135
118	74
51	96
128	111
60	132
49	171
90	114
36	91
37	121
198	181
172	85
162	129
195	32
50	103
191	140
20	114
133	42
189	194
99	126
118	104
146	179
89	169
150	106
34	99
179	98
153	70
195	52
54	115
140	186
89	115
164	51
135	104
34	156
179	184
28	155
79	197
102	136
103	143
131	154
127	138
191	152
137	106
70	105
125	131
167	124
58	121
25	140
49	76
181	112
118	120
65	155
88	35
164	96
81	132
32	197
155	64
90	46
184	82
197	48
96	199
68	122
123	144
135	40
183	173
44	109
123	129
66	197
15	152
36	70
187	129
130	52
86	179
20	58
158	105
57	35
173	109
166	60
103	113
35	45
165	138
71	104
156	47
63	198
50	49
22	104
196	139
46	136
172	66
133	103
67	172
84	111
164	34
108	65
192	146
186	122
128	146
168	107
74	139
15	75
199	84
111	59
172	126
179	164
17	131
181	109
199	173
53	104
175	36
158	122
175	90
118	71
73	54
27	66
103	198
74	189
41	168
115	111
145	113
125	95
153	63
72	176
158	123
142	51
25	48
140	191
176	62
145	114
165	131
124	199
132	155
117	51
141	159
177	148
54	108
112	159
126	184
122	144
19	170
131	106
23	131
40	45
116	156
173	155
99	122
114	117
60	130
133	139
15	51
16	54
104	130
20	31
87	90
177	161
116	171
150	102
109	189
137	145
182	145
75	166
152	151
138	96
74	70
74	96
31	110
145	145
181	152
195	33
192	197
152	60
180	88
115	175
36	31
185	150
41	106
118	31
199	118
37	147
62	43
29	184
143	187
20	122
84	53
88	183
104	137
74	48
67	83
168	90
176	70
197	140
149	35
124	67
64	136
118	131
22	129
66	57
53	142
108	88
122	190
92	96
197	71
60	127
58	93
38	45
56	140
189	32
163	150
44	93
71	31
136	153
163	117
24	163
161	62
25	71
127	103
176	102
28	141
184	173
141	158
144	111
64	130
93	40
181	153
196	72
103	30
80	170
70	89
122	132
164	82
108	37
176	31
175	86
76	54
128	200
179	85
65	158
144	182
27	83
152	187
63	200
139	88
166	154
114	74
78	80
189	74
16	145
33	128
21	131
82	120
143	84
32	33
88	99
21	194
61	36
187	107
151	109
138	176
198	130
67	67
114	189
123	38
169	90
57	138
35	155
171	200
114	195
162	181
39	81
74	98
194	200
160	169
153	164
141	130
42	47
142	71
63	66
120	115
46	142
99	139
19	184
191	62
172	43
177	42
77	179
200	98
109	141
135	100
88	187
168	131
173	132
141	189
32	49
78	93
199	46
98	101
149	192
16	168
81	88
39	64
104	83
49	176
141	37
168	43
76	181
186	100
102	120
134	58
58	169
55	175
148	118
116	186
196	99
101	86
90	44
77	196
155	141
19	74
79	140
196	159
36	51
126	55
105	62
85	145
149	35
69	84
127	106
186	162
43	130
113	127
176	133
189	151
50	47
66	170
140	176
80	122
171	154
89	164
191	145
185	36
196	197
194	115
198	199
119	165
114	151
48	37
44	36
24	184
175	32
77	158
117	150
82	145
159	179
160	99
138	190
73	57
99	50
178	115
159	159
28	135
95	146
38	148
76	148
45	40
193	123
134	70
56	66
125	151
95	181
79	40
20	179
93	32
27	134
172	192
184	199
103	144
157	198
155	146
67	51
46	63
130	52
46	80
158	52
104	178
136	106
15	88
84	199
82	179
179	45
71	98
97	76
121	113
101	191
144	109
90	167
120	129
144	63
26	185
45	99
130	111
40	30
106	52
73	69
36	103
157	53
75	172
109	177
148	40
27	196
170	37
144	179
196	183
74	102
102	66
179	195
58	130
101	124
52	161
64	195
182	159
179	176
102	64
67	131
44	76
16	150
186	158
21	198
123	196
77	199
55	191
49	174
56	101
99	196
45	155
74	188
131	175
15	78
150	126
74	157
66	54
105	117
147	75
26	94
106	162
52	53
174	175
74	57
84	70
30	70
144	172
151	108
150	115
107	80
169	132
106	35
17	76
190	70
171	124
94	45
170	135
143	72
81	45
199	197
122	139
20	158
188	188
58	43
193	74
136	169
36	90
140	156
135	41
53	175
110	88
122	128
117	161
44	113
160	107
29	157
24	127
95	79
139	129
184	172
68	159
159	44
105	125
138	96
21	142
163	31
65	131
170	42
109	85
67	71
178	83
114	88
144	159
88	124
193	62
160	128
97	59
149	168
24	34
38	151
108	61
42	189
41	169
162	147
188	76
85	188
42	139
117	49
27	197
60	198
67	187
23	88
188	166
150	53
88	175
52	159
48	176
120	96
74	41
180	182
131	118
166	147
180	115
133	131
31	195
70	80
94	120
132	195
54	54
17	107
147	164
189	200
153	59
157	126
185	141
65	158
85	136
172	182
107	159
31	93
111	45
200	165
22	177
30	106
70	190
26	155
46	142
28	39
170	134
119	83
199	80
115	158
137	138
67	30
166	35
197	162
36	59
102	182
170	91
197	192
109	72
23	71
84	85
112	78
81	89
47	145
171	53
175	61
41	196
16	130
128	159
128	188
120	69
101	117
185	134
159	114
191	111
107	148
124	152
195	44
182	117
165	59
46	134
87	114
92	200
132	74
191	167
98	115
103	92
139	42
70	89
106	104
190	126
107	181
158	183
140	190
59	160
91	30
136	198
156	53
153	34
191	44
121	67
157	122
153	93
80	134
70	76
78	56
132	120
153	132
54	158
184	151
35	126
74	49
75	195
171	117
59	166
126	172
173	148
69	181
87	153
183	61
100	64
132	138
89	144
106	62
129	148
38	148
134	128
26	138
125	199
126	38
163	118
186	65
23	174
85	92
189	134
114	121
185	105
126	176
101	172
147	158
35	158
163	171
96	166
43	179
22	98
130	79
111	193
135	147
19	198
70	49
115	191
117	121
15	76
129	177
145	183
18	64
64	102
42	44
130	156
118	119
133	167
46	52
139	77
126	45
32	70
120	198
82	79
160	77
16	88
90	162
108	31
50	107
132	175
75	184
87	111
53	163
169	166
156	32
132	32
56	171
82	45
81	42
101	181
158	52
111	117
156	79
83	133
167	55
71	101
166	137
93	140
191	43
171	139
32	107
49	62
113	141
31	120
180	35