44	63	81	18
57	16	86	6
98	79	37	54
26	58	52	5
36	14	36	49
92	20	97	3
48	3	97	9
18	9	72	92
68	3	47	24
1	37	1	3
36	24	13	30
10	18	66	95
88	69	56	19
76	21	30	1
42	13	49	24
52	78	44	48
65	69	26	9
20	48	2	99
69	83	22	77
50	38	10	88
21	9	100	10
79	13	58	55
22	16	66	94
64	99	6	61
82	43	78	58
46	84	96	28
41	26	56	51
90	11	99	2
53	18	97	49
32	92	99	86
17	16	83	45
54	63	5	11
44	33	100	41
68	88	3	88
49	42	85	100
56	55	63	19
38	85	10	49
62	88	62	63
92	7	68	68
85	4	84	43
86	100	36	82
90	94	42	65
91	24	78	43
39	58	43	36
59	44	12	91
75	32	93	8
96	39	75	88
75	62	10	98
52	6	85	33
7	56	28	94
59	59	34	18
98	27	35	86
14	12	27	54
8	87	55	35
98	1	77	68
73	9	78	36
66	72	15	56
39	100	17	38
42	31	75	94
39	8	72	92
51	14	63	93
7	46	26	27
28	43	58	48
72	65	46	64
73	61	99	18
52	43	31	68
41	56	76	50
78	11	13	4
19	43	7	3
85	7	55	94
16	79	99	72
22	71	60	48
87	64	64	34
82	100	54	2
58	52	82	58
2	61	77	58
31	94	81	100
25	83	40	38
37	24	96	77
77	82	39	96
33	10	59	14
70	7	23	17
37	92	97	42
77	10	31	3
20	40	3	34
93	40	8	41
69	93	32	43
66	7	78	7
23	59	46	9
9	21	20	85
9	70	61	52
29	82	94	69
82	80	81	65
34	59	74	64
25	81	54	17
36	8	35	80
54	67	74	89
37	99	44	99
58	13	21	99
54	65	20	24
62	30	64	55
38	39	50	93
86	41	45	16
79	54	31	54
5	94	41	2
29	63	4	17
82	57	42	69
82	7	92	37
54	23	96	25
86	9	50	85
20	57	54	5
46	13	93	34
50	25	62	99
29	75	66	97
10	15	13	2
6	16	96	27
13	14	7	1
53	85	91	28
77	96	32	73
21	65	73	43
47	9	3	11
78	50	86	29
39	77	42	1
73	85	4	13
39	7	5	99
9	99	46	74
100	33	9	65
69	24	31	96
2	31	98	10
8	93	95	10
51	24	23	47
27	99	97	26
27	37	89	22
13	46	65	5
6	72	56	30
86	9	86	12
73	25	31	17
57	74	83	69
3	19	9	10
64	86	51	100
84	52	61	71
64	64	62	61
29	82	87	68
63	87	92	37
52	79	4	18
78	6	21	90
27	93	11	22
7	49	1	19
84	51	59	81
37	16	65	64
70	20	29	75
77	49	32	93
53	32	95	76
9	37	62	91
41	3	92	31
39	76	57	93
48	87	32	84
65	30	5	8
25	90	11	3
12	81	16	43
65	18	42	77
55	30	34	99
4	90	96	72
29	59	41	94
95	2	98	85
76	77	30	7
29	46	91	11
40	59	75	18
76	100	51	58
81	99	72	79
2	77	68	82
68	71	61	14
4	6	27	49
45	95	24	33
9	35	12	89
20	93	72	2
31	99	8	30
49	6	14	54
97	69	71	53
4	76	7	92
47	31	35	57
90	65	80	46
30	24	69	27
64	88	32	10
94	73	40	80
79	69	89	63
66	7	90	83
17	84	38	94
66	18	52	1
97	41	92	62
2	5	20	71
48	63	17	25
82	7	32	98
10	12	39	83
43	20	67	52
7	99	3	11
46	36	28	51
55	100	22	65
13	22	98	91
79	43	100	47
66	66	54	16
34	59	100	8
92	46	39	100
22	16	73	23
10	66	28	70
84	55	76	66
17	26	68	30
10	99	82	38
21	79	57	60
58	52	100	19
21	100	83	95
9	64	59	17
3	78	100	57
37	80	32	42
16	99	30	90
90	24	91	94
87	35	6	12
42	63	31	11
35	29	77	60
4	7	47	30
27	85	24	13
79	50	57	19
6	87	59	75
6	31	38	87
33	53	32	32
2	68	85	21
26	14	78	46
66	98	70	41
83	82	57	53
47	52	43	93
59	79	24	98
61	32	77	3
97	89	53	97
19	23	33	96
63	99	46	14
64	54	76	67
94	53	3	20
30	55	18	11
91	20	81	42
28	38	80	99
25	77	89	34
20	27	14	11
39	46	46	80
29	36	66	66
22	40	94	42
30	98	70	12
41	6	72	53
86	14	72	19
70	58	52	34
56	11	31	22
11	32	66	43
49	8	99	12
90	34	83	44
29	29	60	96
17	9	83	28
29	65	81	80
73	92	76	6
36	58	32	63
76	76	45	17
77	92	71	4
56	5	69	4
73	7	48	26
80	70	70	41
77	100	56	5
86	48	70	57
28	32	99	28
39	20	87	25
94	85	79	50
63	67	11	10
51	79	33	36
11	25	6	8
15	32	32	52
50	45	21	99
66	42	2	48
89	3	45	54
47	13	46	38
35	52	24	79
36	88	76	82
79	59	69	96
11	45	28	93
73	86	87	37
69	10	67	74
67	38	42	48
36	73	10	2
84	79	36	33
37	56	31	97
36	47	78	71
7	41	79	25
57	55	45	91
26	2	62	23
85	87	67	49
52	20	63	74
92	62	4	54
53	76	47	84
10	32	86	59
71	2	11	23
29	24	35	89
46	19	77	18
76	72	48	34
8	36	94	73
89	14	99	40
74	79	34	34
72	52	28	98
24	90	17	44
66	45	64	70
83	51	66	75
84	46	70	26
33	3	33	58
18	45	100	95
95	65	72	8
17	42	21	15
65	62	63	54
67	86	80	62
89	77	98	61
78	56	91	72
32	90	46	37
86	16	74	56
48	23	38	29
25	46	98	54
50	79	11	95
62	40	51	1
24	90	78	3
84	51	72	44
83	81	61	50
94	66	83	19
12	86	70	92
31	84	98	79
40	47	1	82
56	31	23	28
5	79	91	98
61	27	36	89
62	61	4	80
54	32	89	65
80	41	41	85
72	9	5	74
69	21	8	96
62	82	8	50
84	17	5	12
40	88	97	16
38	2	22	6
67	15	94	97
55	64	99	3
26	99	5	21
99	53	76	15
17	6	68	58
83	100	100	39
97	1	62	99
52	28	23	54
77	33	81	10
6	27	4	61
65	93	48	80
74	55	1	40
27	46	37	95
91	72	92	65
85	48	85	100
11	43	64	41
57	67	86	28
14	54	11	66
57	41	80	49
4	33	51	99
79	37	67	50
58	13	27	85
97	11	42	45
55	97	1	34
38	25	10	56
44	85	19	19
8	70	69	52
46	25	57	87
12	43	52	57
77	58	63	80
75	19	83	33
88	50	58	17
59	4	35	96
91	90	7	56
7	62	70	83
46	45	9	20
5	81	78	87
99	99	56	69
15	9	39	5
41	78	94	16
81	18	100	41
55	15	99	12
77	73	25	21
14	83	71	31
76	89	66	90
51	34	43	43
45	33	58	98
95	92	22	38
44	93	22	68
12	57	42	34
76	68	14	21
24	29	94	84
5	99	10	1
12	44	93	78
86	97	100	19
32	83	84	13
40	89	79	28
98	82	38	53
34	6	79	41
91	84	53	69
82	39	13	13
82	45	44	56
85	33	13	92
79	48	76	4
85	87	94	61
94	26	3	17
17	43	30	54
55	33	58	21
29	73	99	79
57	66	83	74
41	72	64	68
84	81	57	16
67	67	95	20
14	97	39	42
39	24	22	9
23	49	69	50
90	35	81	15
26	5	26	96
97	16	24	73
27	36	90	91
88	5	14	10
4	13	94	71
86	36	76	64
62	85	58	3
90	60	35	17
41	58	19	47
70	21	45	18
74	3	79	54
23	14	95	50
53	59	52	71
64	88	6	12
23	72	37	72
27	97	96	67
87	90	14	5
49	89	41	88
20	21	27	43
28	79	6	81
45	81	65	25
54	98	8	42
35	11	22	42
45	82	5	95
47	18	54	28
31	15	8	80
36	34	32	41
42	8	97	50
14	44	97	22
34	76	12	91
74	75	99	5
62	93	16	95
74	6	12	25
79	74	21	19
54	86	14	23
45	96	1	3
94	15	60	15
42	78	23	51
40	61	5	67
63	67	96	88
82	63	28	99
51	13	27	36
91	72	24	60
73	98	42	67
34	37	23	71
61	97	21	52
30	13	71	9
99	65	68	28
74	21	33	56
79	42	41	82
12	85	43	70
59	29	61	95
84	74	56	23
43	2	70	79
30	28	87	43
76	49	25	81
77	92	36	48
16	40	11	30
48	52	29	30
8	47	1	25
2	26	2	40
39	82	38	25
60	38	50	18
48	49	21	8
85	84	14	3
78	91	4	34
33	52	99	40
68	24	2	9
35	34	100	17
36	14	79	68
1	72	23	12
81	50	76	18
55	73	8	51
25	19	27	75
84	85	65	20
79	82	32	45
39	63	94	45
43	24	15	13
73	52	83	88
78	58	22	37
53	80	77	8
68	75	92	88
80	63	20	3
82	46	95	92
89	51	3	4
76	64	60	77
54	71	34	85
51	38	54	14
3	63	10	25
68	11	35	99
79	57	3	95
66	27	92	21
68	23	20	61
88	91	4	77
24	57	82	45
33	16	26	28
24	13	53	17
6	70	97	45
4	27	98	53
96	70	21	91
62	50	71	83
97	65	46	18
76	71	8	35
96	33	40	85
93	87	33	90
8	72	9	5
40	6	75	77
50	79	45	26
35	88	20	51
54	54	76	47
87	43	87	37
41	39	45	21
84	59	6	3
34	65	57	78
77	93	87	84
7	32	70	54
4	8	19	53
62	26	67	11
84	75	4	92
80	84	48	33
62	4	90	48
53	77	44	24
75	25	99	88
79	26	30	82
40	1	92	81
65	63	95	10
35	3	65	69
69	65	9	10
23	25	100	95
91	17	3	74
61	99	89	1
21	45	12	1
21	52	57	32
89	3	83	10
84	70	34	83
38	50	15	58
14	46	71	75
77	5	24	72
16	58	45	22
52	63	81	59
92	65	7	92
54	41	74	27
61	23	36	9
48	73	12	31
54	96	53	63
60	5	58	97
33	24	96	84
82	9	95	25
48	50	29	35
5	35	96	35
17	6	84	3
86	62	46	67
58	43	99	84
6	49	49	34
52	28	48	50
79	7	70	23
93	11	47	47
29	85	65	100
55	20	4	58
67	67	27	80
2	73	35	33
39	57	41	82
71	5	63	34
8	17	11	86
19	15	96	8
72	48	68	17
28	63	50	41
45	30	68	91
37	64	58	100
96	44	90	4
99	10	46	8
2	57	7	52
90	58	50	27
86	72	10	94
2	63	48	78
58	68	80	4
36	97	29	51
95	79	44	85
81	11	49	28
71	71	92	45
9	65	70	87
67	93	86	36
80	44	52	26
19	36	7	35
62	76	14	20
50	15	82	8
13	75	93	67
14	56	62	66
48	32	11	62
23	33	80	3
47	6	66	47
85	69	43	45
87	1	48	98
80	66	98	99
14	44	8	42
93	45	80	51
100	35	75	14
32	98	92	84
23	91	42	49
30	99	44	14
1	15	29	42
7	61	81	43
64	37	23	21
67	57	13	21
4	38	18	82
26	73	16	27
58	55	65	70
10	56	67	88
58	50	90	8
40	6	52	17
70	66	30	72
3	4	89	46
60	62	18	81
91	95	89	41
97	64	85	83
62	48	55	88
15	41	71	18
66	89	33	7
67	5	85	35
63	12	86	45
3	92	64	2
76	30	41	99
93	66	40	67
65	41	68	8
6	100	31	20
54	82	8	76
96	20	95	47
18	4	42	41
90	99	34	19
23	71	90	5
53	51	71	73
36	84	76	96
84	37	4	44
63	74	65	24
1	74	69	59
43	63	21	9
63	95	71	53
2	62	32	22
40	59	61	94
46	37	1	33
71	79	69	2
28	15	25	12
81	32	98	85
14	98	83	42
28	98	68	54
100	78	22	62
11	74	36	30
95	100	37	22
96	39	22	21
17	41	30	17
89	14	86	11
68	9	34	68
5	78	75	67
95	30	51	86
80	77	5	23
64	81	50	78
15	97	33	100
41	88	61	36
24	20	96	92
91	5	42	100
13	80	9	62
40	28	39	91
41	61	22	40
66	33	6	4
91	83	17	64
30	27	47	25
21	76	85	24
85	13	33	82
8	68	95	85
25	77	94	63
25	70	31	48
11	23	80	2
83	40	79	96
53	98	25	100
64	81	96	32
22	29	29	51
67	32	73	64
59	74	49	45
43	76	58	88
25	94	81	79
93	35	58	92
14	40	63	30
80	73	99	29
18	78	12	86
72	42	57	11
35	57	71	98
50	32	45	77
38	52	33	42
65	60	35	95
93	19	55	24
72	70	35	56
15	60	100	91
91	76	80	61
68	63	36	3
13	64	61	96
59	30	91	35
75	50	22	5
90	99	46	19
83	41	67	36
82	66	62	48
61	61	32	15
93	82	82	12
80	8	47	74
88	92	29	1
82	3	85	9
36	41	79	29
40	96	18	6
76	56	99	47
45	79	23	42
23	1	10	42
79	73	30	97
34	59	99	65
31	46	20	33
87	58	23	84
71	8	55	31
21	37	72	96
44	57	50	57
90	23	88	91
61	54	65	85
44	81	19	51
24	18	90	61
73	10	62	87
63	40	54	93
94	24	72	11
69	2	68	58
39	41	99	82
96	47	2	26
24	100	6	45
50	35	59	90
86	27	84	97
52	67	45	16
69	23	97	94
71	18	63	52
16	41	90	14
40	66	81	36
19	98	7	9
12	33	29	33
33	47	89	61
20	80	28	21
75	93	17	80
55	5	92	40
88	85	3	43
84	23	58	43
69	68	78	37
80	28	70	63
16	55	63	38
79	70	33	72
71	90	17	70
15	52	41	27
9	70	23	19
97	89	92	38
39	44	3	65
89	37	100	48
17	31	34	15
73	83	66	23
5	92	83	30
87	18	31	14
33	96	21	41
69	67	45	69
8	85	98	72
5	80	57	73
60	82	53	88
40	27	32	45
67	46	74	79
31	55	15	44
92	13	6	99
52	100	58	36
86	78	38	60
28	86	19	89
6	35	77	18
98	98	86	23
76	46	18	31
98	31	51	42
80	18	3	12
80	52	43	8
28	4	27	81
62	2	57	44
18	39	64	31
97	35	49	94
41	57	9	63
7	49	59	67
81	40	69	15
82	89	96	35
23	75	39	27
16	65	80	28
39	80	86	32
90	36	4	40
75	72	6	7
24	85	88	83
63	52	31	57
30	9	90	93
31	37	5	42
65	16	35	69
2	4	27	9
24	57	41	16
64	66	39	2
12	74	91	75
7	27	42	78
49	50	68	37
82	8	49	76
66	11	33	88
27	62	83	50
68	4	90	13
20	15	87	3
50	80	12	35
89	3	43	4
36	77	40	57
52	13	76	99
66	69	58	41
34	86	88	82
38	95	62	27
35	33	63	98
25	33	15	69
46	65	62	35
68	68	13	45
93	60	39	26
99	30	59	60
53	63	65	100
49	18	23	77
49	66	100	31
19	10	49	94
65	73	56	100
25	62	75	22
77	61	99	37
82	1	60	45
73	21	35	16
57	53	58	70
39	69	20	93
74	84	84	46
66	56	43	38
93	27	63	20
93	54	92	90
92	67	88	74
21	23	65	35
32	76	17	69
9	18	7	58
58	2	35	51
81	57	39	72
64	41	49	5
10	19	12	53
16	95	48	84
62	66	46	45
49	65	59	70
79	96	83	66
88	15	85	28
90	34	67	1
32	73	100	92
21	46	22	6
47	39	31	24
7	88	71	65
62	49	47	48
33	15	94	57
61	78	27	42
33	61	68	91
80	36	7	100
9	86	41	61
56	71	82	45
57	54	1	96
28	78	36	66
15	68	81	42
34	21	71	19
31	2	68	78
23	63	18	62
24	71	33	5
10	64	40	86
45	91	76	55
99	17	52	35
12	87	27	2
76	66	12	38
30	4	76	66
30	38	34	10
74	59	72	7
93	39	73	76
21	29	28	18
94	93	32	70
82	23	64	79
89	81	63	13
97	76	44	44
31	32	35	74
44	74	25	19
7	73	10	82
33	73	23	93
32	59	66	32
69	25	42	14
69	67	84	36
17	85	53	71
57	25	71	75
8	57	30	33
21	50	96	84
60	51	5	38
42	92	42	42
35	98	52	5
64	14	94	41
25	78	85	32
38	52	87	27
65	64	14	25
4	8	90	65
48	78	31	68
55	57	86	91
21	38	4	92
11	34	29	3
68	34	46	41
54	13	19	60
61	64	64	31
8	66	34	88
21	18	58	80
67	57	20	4
29	74	18	69
63	46	89	65
24	49	42	22
83	93	69	4
72	78	32	62
53	59	93	31
47	90	45	32
84	93	78	86
56	39	8	11
14	99	38	49
49	48	56	8
81	86	72	42
71	88	40	96
20	27	100	29
84	35	32	14
94	33	2	91
29	11	68	46
60	55	38	29
95	83	89	46
85	27	50	47
24	94	5	2
17	31	59	98
44	82	68	26
19	20	28	6
90	3	17	60
56	46	6	47
99	67	24	86
55	34	67	79
42	51	40	53
89	11	34	1
32	27	20	1
49	24	85	25
20	34	50	67
39	9	17	1
17	42	17	57
56	68	26	4
58	70	25	51
29	4	2	40
67	62	78	63
77	31	36	38
30	91	81	54
71	44	8	71
37	86	8	29
91	96	56	73
53	31	50	91
44	83	45	23
40	49	15	70
23	72	52	26
19	26	98	34
17	6	96	93
55	54	17	42
50	23	98	55
42	24	46	88
81	18	82	82
55	10	32	98
50	68	45	29
38	49	17	11
49	57	59	94
4	96	79	62
74	82	53	31
72	29	45	42
51	42	17	59
28	12	86	37
21	34	68	46
24	78	16	67
19	29	12	69
15	83	80	66
69	86	53	91
63	18	28	53
3	10	82	16
67	29	42	52
21	37	99	29
37	57	67	65
78	46	94	83
73	96	14	27
71	65	54	83
30	85	26	59
75	28	54	79
26	76	10	40
46	16	45	77
70	37	50	38
45	29	58	3
23	50	68	12
53	22	5	32
63	73	65	48
66	33	71	62
64	79	66	68
3	12	89	72
51	48	30	57
100	19	12	32
57	88	44	77
90	41	7	70
56	90	29	80
90	9	30	30
15	70	1	29
62	66	53	60
47	97	84	81
20	43	45	50
73	47	12	65
32	35	63	23
21	54	12	24
30	44	41	24
84	57	72	54
58	88	90	88
61	48	27	2
46	26	53	28
37	19	19	36
2	66	15	61
30	99	39	37
70	1	34	36
43	76	93	66
10	19	75	85
47	46	47	87
34	29	11	8
28	67	84	16
4	49	12	94
78	42	3	27
32	92	20	4
55	86	50	52
11	28	23	88
92	5	20	37
34	36	45	2
80	68	32	14
75	5	24	2
13	22	14	25
62	44	54	43
65	69	67	96
3	44	56	25
88	23	20	42
97	21	56	52
59	50	75	57
34	87	54	32
35	76	63	11
88	10	36	60
97	70	57	90
62	71	81	47
30	26	64	59
42	54	67	17
70	91	39	95
44	35	50	18
67	42	29	38
100	98	43	8
6	67	31	87
49	67	49	80
64	16	12	31
20	28	100	30
81	23	39	100
36	93	64	57
81	10	21	83
31	87	14	97
69	70	17	81
41	50	59	97
53	5	10	33
37	94	55	100
81	16	37	98
82	8	19	61
18	45	82	91
33	33	81	49
18	99	67	41
10	11	98	35
49	83	91	94
70	43	63	89
78	68	37	25
40	40	3	66
21	90	54	69
70	66	62	2
53	89	84	57
23	96	4	100
13	11	52	78
4	92	6	81
75	27	14	5
49	53	9	10
42	27	1	54
24	23	3	76
13	25	85	45
78	52	69	70
53	36	21	58
61	93	49	87
14	37	42	78
36	2	39	5
59	42	98	12
30	68	89	47
89	13	36	47
80	61	5	49
21	30	54	48
44	25	16	93
27	91	18	27
13	35	99	28
16	82	62	59
35	96	77	85
47	86	50	40
88	71	31	36
52	75	39	54
10	87	73	91
39	9	92	57
36	68	75	43
6	24	39	39
31	78	11	45
87	95	88	72
62	10	10	32
90	28	85	10
16	68	13	97
14	21	1	46
86	76	12	44
35	57	22	82
76	67	9	43
62	38	38	86
36	72	26	14
29	92	95	95
49	82	14	66
42	33	56	14
61	98	14	50
16	56	10	51
37	11	43	43
80	34	8	90
28	89	52	51
28	67	49	84
80	62	42	91
87	75	27	20
40	22	86	20
23	30	44	58
69	10	72	92
68	51	62	66
16	86	90	66
96	89	80	69
80	44	65	33
48	80	4	87
88	55	14	96
59	9	82	75
25	84	31	27
69	52	66	91
41	96	28	100
90	55	27	98
83	79	76	100
78	2	37	35
45	22	62	46
47	88	100	26
47	75	56	55
21	3	82	85
69	60	61	52
94	5	80	100
32	14	1	75
6	83	12	34
45	46	95	96
7	30	24	54
16	71	98	7
56	83	97	6
31	2	10	19
59	95	33	39
54	11	9	67
52	45	7	46
47	26	13	58
26	33	11	54
35	24	21	52
88	67	27	96
15	21	66	76
53	21	44	70
91	32	97	59
26	74	17	83
60	7	57	79
12	4	83	47
33	58	71	30
99	91	67	21
16	9	51	83
43	36	54	16
66	53	87	75
82	41	84	57
22	64	15	66
10	30	40	57
42	4	39	94
67	70	51	88
25	57	87	89
91	39	27	16
35	10	26	12
45	100	82	1
74	97	7	17
2	50	95	41
93	2	5	60
44	73	31	41
39	51	86	30
42	30	50	57
87	84	3	7
33	71	77	18
77	54	36	37
41	48	71	72
33	56	84	74
76	12	22	87
17	68	48	46
16	71	100	2
31	44	4	33
31	33	38	98
23	90	32	16
72	4	15	20
6	56	86	83
82	86	2	73
42	13	2	2
69	72	39	7
49	9	36	99
59	17	10	96
76	70	67	74
32	37	100	43
74	13	81	57
39	12	43	35
69	52	34	91
43	29	90	90
85	41	49	31
72	25	98	16
15	7	2	21
82	96	38	34
53	1	84	91
82	58	26	74
95	10	49	60
70	66	70	84
44	77	36	41
49	13	56	10
73	60	74	19
94	84	82	47
62	22	19	37
14	51	92	89
25	72	74	17
4	90	19	56
57	82	35	82
13	48	59	97
75	95	71	49
83	27	78	92
34	45	77	44
35	63	6	62
9	71	82	15
31	3	4	9
27	56	65	32
90	86	26	3
9	53	89	37
51	22	23	53
6	57	77	54
23	18	66	82
68	93	60	56
78	38	46	79
1	52	51	75
47	65	44	42
65	17	88	24
97	3	34	93
67	90	88	59
60	88	56	70
56	57	84	78
3	33	5	17
9	92	21	15
33	96	87	29
40	54	41	17
77	52	54	81
93	22	61	23
31	58	95	10
7	38	22	4
4	50	36	40
6	36	1	63
65	50	23	47
78	63	71	46
23	23	85	46
27	86	24	78
13	66	15	24
40	13	84	19
34	26	90	72
95	5	72	79
50	56	100	85
20	2	33	47
39	71	14	74
67	76	63	17
81	95	21	30
50	6	12	25
28	34	87	16
71	14	22	12
81	17	78	54
41	66	75	53
97	78	80	38
26	8	74	20
84	6	56	66
83	5	4	18
57	63	76	49
37	83	92	18
7	20	85	99
74	48	88	36
43	8	45	36
6	7	71	39
46	95	3	72
87	29	47	44
84	61	43	98
94	79	44	21
8	3	5	47
3	50	54	74
82	52	67	67
21	55	67	62
72	48	21	42
56	64	5	15
16	94	100	78
27	77	60	8
93	10	66	71
80	11	44	20
63	83	88	26
20	26	42	59
13	69	19	35
6	87	69	25
77	42	37	1
58	20	84	12
49	94	70	50
27	10	14	1
56	19	21	12
5	47	3	88
68	12	4	24
85	29	13	61
52	50	61	18
35	5	83	62
55	55	24	38
2	58	35	91
27	7	58	1
15	74	95	61
95	18	50	25
30	5	85	63
64	41	38	19
7	66	33	83
89	85	79	45
63	96	67	96
62	82	86	76
94	29	26	31
22	65	79	3
56	93	45	17
12	99	5	87
99	3	38	60
59	44	58	88
97	83	1	80
67	66	6	3
5	41	56	10
41	6	68	7
47	82	65	81
84	40	11	9
49	38	56	40
87	82	29	48
98	92	38	16
2	100	19	54
18	61	64	6
22	67	71	8
50	11	34	36
72	99	72	81
1	23	68	49
51	67	17	97
86	49	91	82
99	48	93	97
92	53	39	2
99	92	27	45
75	37	13	26
43	13	50	4
50	54	13	62
46	9	62	23
74	90	13	44
60	34	51	61
88	13	21	95
94	3	24	24
86	94	3	9
3	100	81	41
71	93	96	74
23	24	85	92
18	95	12	95
16	11	69	99
65	92	74	35
14	46	4	39
53	3	75	44
13	40	99	41
86	49	61	60
12	88	79	28
57	13	58	10
13	25	39	65
18	44	94	6
57	96	75	18
95	6	5	54
52	75	52	44
57	24	45	72
87	58	49	91
51	36	3	57
81	37	80	64
60	25	75	2
6	2	67	36
51	18	95	20
41	58	37	7
37	87	52	30
69	54	47	89
53	7	15	3
47	83	74	54
41	82	93	2
61	3	19	80
84	46	16	2
73	93	98	58
67	33	17	46
36	10	18	42
21	3	72	49
57	80	98	89
76	41	83	31
42	36	32	94
72	25	58	25
58	49	54	22
89	57	55	91
75	45	49	33
31	69	99	78
21	94	10	80
77	74	13	12
63	80	53	32
79	59	25	63
47	35	52	70
82	80	73	31
4	75	75	32
41	63	30	3
12	22	71	51
32	77	48	45
14	87	55	17
56	65	97	10
3	8	47	27
72	85	52	14
21	14	7	30
30	13	63	53
19	11	49	40
71	96	85	79
34	65	32	25
52	43	51	43
74	84	90	10
80	93	47	73
17	85	52	51
79	14	55	79
96	68	91	39
89	17	11	88
23	53	40	75
32	65	100	43
21	85	75	6
57	9	90	84
86	49	53	94
10	10	11	69
59	39	81	1
15	20	25	4
25	53	95	54
21	33	65	75
35	67	78	9
64	29	6	64
98	91	75	39
64	35	17	29
4	21	59	70
13	75	6	4
64	10	14	21
22	21	22	25
27	41	67	68
20	75	52	16
52	32	26	9
40	41	75	100
78	50	33	67
66	82	28	75
32	20	9	62
13	3	54	89
1	16	80	46
77	98	83	50
5	15	25	50
75	49	14	88
18	4	26	97
78	28	3	73
47	86	80	57
47	13	89	86
63	57	38	100
71	40	2	20
28	86	43	45
63	52	14	15
23	51	23	85
77	12	2	97
85	3	60	40
43	100	64	35
45	41	39	52
21	13	26	92
13	35	92	55
43	55	85	14
31	12	23	54
89	15	41	90
32	33	68	37
89	50	87	77
4	38	52	32
46	96	75	86
10	74	5	84
33	13	84	94
2	85	72	38
2	99	97	91
8	7	9	10
21	56	35	96
32	90	88	12
72	94	56	79
97	57	62	16
25	50	13	91
44	47	70	10
21	50	22	70
87	80	18	89
47	78	21	22
78	47	5	89
70	43	73	98
19	71	8	15
64	65	82	8
54	97	95	51
93	60	61	68
31	89	62	50
71	33	92	10
19	49	19	26
84	97	88	16
68	75	49	44
92	71	91	83
35	35	28	76
18	2	80	54
84	55	87	23
50	23	61	30
68	97	48	79
23	46	31	13
41	17	48	56
46	76	42	55
56	97	59	3
92	86	34	90
81	39	99	91
92	28	31	34
6	9	16	20
76	99	41	15
67	51	76	3
25	14	73	72
83	78	85	5
50	21	84	76
75	51	56	17
19	55	6	50
68	91	19	45
40	87	42	41
8	13	92	11
75	47	28	69
48	92	83	17
4	3	43	19
32	76	79	37
83	10	33	51
55	60	14	51
95	45	13	90
58	95	2	96
45	77	36	80
33	90	99	81
37	80	74	72
79	51	2	30
78	27	60	10
2	84	70	3
48	16	85	37
34	5	27	40
48	36	96	72
98	29	39	2
23	62	58	15
85	47	81	59
61	71	90	56
79	36	99	31
19	73	81	39
55	22	19	31
51	83	64	91
28	94	51	99
11	50	66	13
54	48	53	31
83	80	92	35
39	16	7	31
20	63	40	89
27	23	30	45
87	9	60	97
87	49	85	39
13	67	79	3
71	9	21	19
80	69	73	74
25	93	75	46
28	92	58	59
5	83	45	86
61	81	75	63
92	94	14	7
27	68	40	41
7	82	8	33
68	18	61	5
74	94	4	93
56	56	29	16
50	54	55	19
5	62	75	49
85	20	43	99
47	74	21	27
51	6	79	22
54	6	97	57
17	82	12	68
72	81	12	17
71	69	55	72
90	3	38	59
99	73	99	72
9	41	85	90
75	20	63	95
86	9	65	12
28	92	49	27
14	6	48	90
69	96	74	12
41	63	18	1
10	49	17	51
100	3	33	12
95	55	30	98
36	55	63	28
13	99	72	26
32	99	50	35
9	50	86	64
4	20	4	94
88	92	37	25
29	71	5	64
72	91	8	61
83	8	71	78
52	95	13	94
41	16	83	35
89	46	63	50
34	24	3	53
48	66	35	14
33	61	2	1
93	88	78	24
71	70	32	19
36	98	20	71
98	85	97	67
47	32	88	33
75	25	100	79
56	23	72	69
36	53	12	59
12	84	82	95
46	31	29	2
80	89	84	94
15	48	74	49
74	82	78	93
44	81	82	97
1	67	44	64
47	99	25	33
89	67	97	30
36	29	60	6
31	86	44	76
62	6	15	45
72	46	39	34
5	77	57	56
80	34	24	99
93	69	15	21
83	17	24	13
73	72	82	75
31	72	16	34
75	10	62	39
15	38	11	8
43	15	1	97
60	98	80	14
97	82	71	19
10	17	33	85
58	93	6	11
94	75	24	78
37	85	31	13
26	26	26	75
67	5	99	1
46	24	90	48
99	97	68	35
54	67	21	58
65	72	26	5
96	87	91	45
31	7	83	62
40	14	61	46
14	67	57	58
8	25	84	32
64	43	79	4
32	50	84	95
13	24	47	7
31	6	71	49
41	10	23	7
42	43	52	26
59	92	70	9
10	51	70	38
78	34	80	21
60	13	2	3
60	70	14	90
80	85	93	57
81	48	95	2
4	73	93	86
92	41	16	84
45	19	60	92
39	77	42	85
36	82	60	54
34	14	28	16
17	79	10	60
86	27	31	55
44	69	32	27
35	93	59	41
89	34	11	14
43	28	9	11
58	13	9	25
9	52	40	96
22	55	27	65
62	11	38	56
56	69	87	99
39	69	95	70
60	88	62	77
28	49	62	26
3	21	58	37
88	70	67	100
8	85	89	11
25	33	37	71
78	100	35	13
47	41	4	4
90	29	64	62
10	86	60	67
51	14	95	1
14	49	69	70
8	32	69	67
68	48	97	17
40	21	46	24
95	100	91	75
73	2	39	70
27	65	15	63
19	47	32	94
99	80	15	52
80	4	92	20
91	22	75	25
37	77	40	89
50	60	4	12
58	90	57	60
79	80	60	38
37	50	30	27
72	52	70	94
99	66	65	37
30	72	6	77
92	39	34	83
79	54	55	80
9	27	1	10
58	46	77	74
60	6	35	32
35	72	11	59
56	72	27	69
14	25	48	92
6	35	83	4
23	21	87	97
7	50	59	67
90	94	9	86
26	72	20	90
94	25	85	19
73	91	14	78
50	23	19	32
9	35	43	23
73	47	100	24
28	79	90	46
44	6	92	71
71	28	75	22
10	39	31	9
98	50	90	100
27	26	39	61
51	56	5	57
97	7	14	32
82	9	92	37
4	76	32	67
16	4	71	12
56	83	12	63
18	15	100	97
78	97	54	61
52	12	18	91
28	71	13	55
22	78	94	50
23	19	10	15
33	55	96	70
42	20	86	96
47	33	84	99
75	43	21	80
30	52	43	13
35	27	61	78
33	66	88	23
14	74	40	90
47	19	40	94
99	95	42	80
56	1	39	68
71	92	72	27
11	78	66	61
83	29	52	9
52	85	17	8
78	23	7	73
51	86	6	38
16	17	21	78
59	49	80	73
41	62	9	19
11	44	41	70
31	29	20	73
82	96	71	70
39	37	11	41
35	97	40	98
58	46	98	73
9	93	31	46
7	56	61	50
34	31	97	54
84	76	39	37
58	27	5	72
48	18	9	34
86	16	78	8
68	5	96	63
2	44	35	76
61	77	52	90
12	46	78	67
99	87	78	90
99	35	83	69
50	52	2	12
50	69	80	57
68	71	35	88
46	77	28	42
42	84	64	9
49	42	7	26
54	27	78	31
8	31	13	11
41	51	72	94
78	35	92	92
93	26	3	46
79	8	27	2
74	27	45	1
70	33	54	25
12	69	71	95
94	68	34	7
99	13	49	78
67	34	52	27
41	52	100	96
1	4	72	94
57	82	86	29
77	29	46	99
49	17	10	68
96	17	2	71
27	54	71	14
9	21	98	5
69	33	84	32
40	90	98	3
80	29	50	70
47	40	80	59
39	24	17	73
90	58	78	63
8	20	6	24
85	52	15	50
53	42	33	15
15	64	94	46
95	79	82	65
91	1	76	89
70	82	64	58
80	39	65	79
27	65	53	5
19	94	21	74
64	36	24	50
80	31	3	65
100	96	52	83
29	56	80	41
26	46	93	96
10	97	88	56
81	79	67	42
60	98	3	27
72	34	57	60
33	53	22	94
56	6	74	17
59	20	1	96
42	37	69	48
77	18	5	7
2	38	12	58
38	74	57	15
76	37	26	67
83	23	4	82
58	26	1	79
63	77	86	17
65	67	60	10
63	83	91	78
11	69	12	40
74	21	63	17
38	56	1	70
6	57	92	68
58	31	57	65
50	49	69	59
38	25	90	52
47	37	89	19
49	97	62	67
57	100	66	67
8	39	35	4
21	16	71	13
10	54	43	88
90	64	97	12
29	94	89	74
45	80	42	42
69	89	40	73
90	39	57	48
81	23	26	15
61	73	72	48
8	13	100	84
15	13	91	82
86	44	47	36
34	94	84	62
64	66	46	47
53	74	80	25
55	21	87	62
58	95	62	47
8	71	28	32
50	13	52	23
100	61	5	83
2	71	26	16
28	24	92	15
71	46	31	90
57	99	50	1
95	41	50	32
81	61	9	82
20	29	90	100
92	93	10	48
31	47	29	37
99	49	8	89
49	10	89	77
40	99	65	82
64	7	46	5
89	73	8	13
99	50	87	28
68	16	72	52
80	37	33	78
73	42	86	45
26	52	90	29
68	86	100	82
38	45	73	93
49	94	84	73
83	60	76	59
37	31	31	66
47	57	32	56
15	84	9	41
74	34	58	48
79	39	41	98
72	20	95	58
96	84	8	97
53	84	57	37
80	51	84	82
29	65	5	92
90	34	18	61
52	9	54	45
27	12	29	46
48	35	75	66
73	29	90	5
38	4	99	76
30	12	58	40
64	86	21	81
94	79	4	47
97	49	21	77
77	41	36	91
2	64	38	38
64	19	85	22
80	76	53	15
93	7	93	18
92	62	10	100
17	26	88	55
28	46	6	42
61	1	56	75
40	53	4	42
76	84	50	69
5	100	52	60
55	62	41	99
26	9	64	21
46	54	95	17
33	88	91	17
93	45	87	68
85	19	14	49
75	48	11	23
98	51	37	66
75	50	51	87
98	74	46	97
7	12	2	68
46	13	72	20
11	76	88	36
51	47	82	47
66	99	9	97
4	8	53	2
11	92	39	9
13	86	30	18
69	13	26	33
29	51	31	67
4	64	51	41
35	39	18	60
52	79	19	92
29	55	25	51
59	17	52	85
80	3	25	64
64	21	91	51
52	78	49	73
74	47	79	6
12	53	14	34
18	43	21	67
85	76	62	53
39	68	47	28
16	5	42	28
98	58	92	43
69	87	86	61
39	83	78	5
84	80	99	56
14	5	68	79
65	84	45	25
35	85	75	29
15	61	96	3
48	22	10	16
18	55	87	33
58	33	29	75
69	53	9	86
55	81	51	40
79	72	53	17
4	84	27	18
95	34	43	66
10	15	86	52
74	99	32	55
56	33	53	99
61	15	12	68
76	37	27	36
26	26	2	79
87	36	12	77
80	30	96	71
14	34	19	74
17	59	49	67
24	56	18	72
80	94	43	86
59	10	69	31
69	96	46	51
39	36	17	97
72	49	21	85
6	9	27	24
23	42	42	27
19	40	6	2
52	96	24	30
68	23	43	59
36	12	57	29
77	94	25	76
33	56	21	34
38	85	32	30
66	63	77	68
66	34	83	71
32	4	6	80
90	2	89	77
52	91	62	33
100	90	19	82
65	97	5	49
13	65	21	66
53	45	2	31
34	28	31	88
39	29	9	30
77	22	58	64
13	41	32	59
73	71	92	65
83	48	43	38
69	66	38	73
96	48	21	41
46	62	36	3
25	2	33	92
57	56	50	71
92	44	80	14
79	64	98	80
3	15	32	78
43	57	56	98
77	44	32	51
95	30	79	78
64	13	68	79
88	61	79	55
29	16	28	26
19	13	82	55
71	20	76	99
89	79	57	73
74	34	81	11
89	30	98	9
31	57	42	1
39	64	50	13
72	9	33	6
92	85	50	14
13	29	18	30
43	60	20	30
3	41	54	53
70	85	80	74
22	72	24	66
84	91	62	67
66	34	89	47
90	25	73	20
62	2	84	96
41	46	53	24
26	58	65	65
14	4	26	34
66	45	49	71
80	3	10	86
69	15	84	77
50	70	65	23
29	77	32	82
29	45	62	68
98	7	92	91
40	23	21	24
89	72	48	14
6	60	82	95
7	21	70	19
96	42	59	26
44	60	64	68
6	81	5	4
97	43	22	62
35	67	96	89
36	54	6	39
18	27	34	7
94	89	52	78
28	5	52	10
91	14	58	10
14	100	55	77
76	25	100	16
12	9	82	11
78	85	73	13
79	15	58	100
54	26	82	100
46	54	32	22
84	36	17	67
24	26	80	17
85	22	26	62
67	49	18	93
79	6	81	11
22	9	53	5
87	32	72	35
34	76	34	90
1	14	42	40
29	19	54	96
75	44	75	50
20	8	33	23
30	47	54	41
76	63	34	53
96	68	16	39
18	20	14	99
86	25	9	41
12	56	81	14
60	40	67	85
32	86	56	28
72	31	63	98
54	66	15	11
10	67	62	50
75	8	79	22
96	85	35	69
80	94	74	97
94	38	94	69
98	88	70	51
21	61	65	78
71	56	41	33
72	80	7	95
96	76	46	99
23	88	12	97
84	87	12	39
79	25	68	55
74	46	32	100
64	88	6	44
77	6	32	80
50	54	4	5
76	62	18	28
88	58	47	27
13	99	97	33
58	15	78	66
63	9	43	54
81	86	10	76
75	77	92	9
29	93	87	69
26	96	16	54
68	27	74	54
69	66	54	64
70	6	21	70
64	48	73	92
37	97	26	36
6	22	6	20
74	83	62	28
91	30	17	26
61	85	58	90
93	91	1	19
28	68	10	96
81	93	49	33
94	81	1	10
50	13	21	72
73	32	15	17
50	65	49	47
65	100	50	22
95	7	42	49
3	12	59	50
59	91	35	54
91	15	96	2
40	25	41	45
25	70	96	86
4	25	20	16
4	53	9	38
45	27	21	55
54	65	29	47
21	91	22	3
13	87	62	75
79	13	23	36
87	39	35	95
15	74	44	48
90	46	45	30
54	74	90	28
33	38	79	73
64	91	34	38
86	18	92	43
37	96	33	76
95	14	82	13
98	67	51	72
91	13	4	22
75	78	99	39
72	91	16	63
6	87	23	91
73	17	67	5
20	29	15	21
49	14	82	22
27	34	81	98
24	18	43	95
74	41	37	70
71	89	5	23
88	15	5	5
23	15	66	24
51	38	97	97
52	45	97	89
43	71	96	63
36	76	8	17
54	11	71	37
79	72	69	90
99	55	70	25
47	79	93	54
57	5	4	84
45	90	94	83
80	91	18	71
15	59	10	61
79	79	38	61
4	59	26	82
30	53	70	98
78	60	21	73
44	5	63	83
3	57	20	96
15	83	76	39
95	84	12	29
45	27	88	53
85	46	26	83
77	74	99	67
63	11	47	12
90	5	7	2
19	38	100	27
69	25	71	46
3	76	25	62
76	62	76	16
58	69	26	79
38	75	84	90
87	24	58	56
48	27	94	86
29	79	64	40
47	87	71	45
90	52	86	33
3	1	42	5
76	66	58	34
44	42	62	1
25	11	15	48
58	57	28	73
30	11	69	83
99	64	69	94
55	8	77	71
25	41	34	95
16	67	67	97
66	87	29	23
73	66	10	44
5	92	1	7
84	47	5	84
99	64	23	49
25	51	72	89
10	43	1	92
69	54	69	32
64	38	64	12
17	37	34	41
96	76	9	97
75	38	80	14
25	37	52	72
51	16	89	7
100	8	53	30
11	74	17	74
57	47	56	59
55	75	74	46
3	68	89	62
77	26	100	70
20	66	66	76
49	47	47	68
86	33	30	11
88	91	30	61
94	43	83	88
6	84	93	53
1	71	9	66
33	33	84	19
66	63	16	91
33	68	30	74
1	60	8	32
61	45	96	83
77	60	10	25
12	51	8	92
50	84	17	39
9	18	75	17
17	61	13	1
49	18	42	12
77	98	38	97
11	43	72	90
21	57	72	61
61	71	99	41
22	63	89	38
36	28	78	11
14	4	100	79
67	23	71	96
25	43	90	33
96	76	2	7
16	83	39	96
70	2	64	38
78	75	97	68
86	89	60	33
92	2	86	66
19	47	82	65
90	83	3	70
24	48	53	75
16	37	59	93
7	91	81	68
91	33	52	3
51	95	1	8
33	8	3	61
85	59	29	13
60	13	34	16
33	63	20	98
31	59	85	30
37	18	17	64
36	74	51	42
86	78	26	66
4	90	65	21
39	74	58	50
81	45	42	3
74	3	51	88
89	48	24	35
73	43	49	37
64	43	16	73
45	36	90	60
81	24	22	22
9	97	33	28
61	2	55	11
28	1	51	40
32	92	89	97
7	32	85	49
16	23	82	51
95	70	84	79
17	91	80	48
15	33	13	17
27	48	91	35
57	47	38	14
57	57	70	85
96	44	90	35
42	40	71	28
93	65	95	79
47	95	29	43
6	63	1	17
76	12	39	8
74	23	47	42
35	83	72	100
32	13	70	8
12	50	8	22
61	63	99	14
69	40	12	41
1	46	20	91
43	50	99	9
72	50	70	36
48	64	69	61
3	16	62	100
66	63	7	43
2	63	57	57
1	4	27	56
46	30	17	39
74	16	83	73
70	90	17	18
39	100	97	28
6	19	91	54
98	87	52	4
19	44	45	27
74	92	26	27
19	79	67	97
57	48	92	9
86	18	97	100
72	50	1	96
85	9	48	22
72	65	16	60
14	43	43	49
5	44	45	35
28	43	55	98
62	84	45	97
31	16	94	36
40	10	18	27
78	67	92	30
63	30	64	21
98	52	51	66
84	11	20	73
29	43	44	84
32	39	28	53
12	50	71	16
30	32	12	10
47	71	88	31
85	53	24	46
5	92	89	60
45	75	10	89
65	18	65	90
5	42	19	41
100	32	1	60
6	15	66	72
31	30	59	91
12	50	39	24
73	19	73	34
98	64	11	17
5	84	91	25
77	31	71	51
4	17	9	79
70	5	35	45
58	25	14	66
42	71	67	91
78	24	43	49
60	75	92	84
72	100	31	38
78	59	35	100
53	11	100	49
99	63	25	7
39	100	14	73
64	35	43	97
22	56	39	11
60	23	25	82
44	44	5	76
63	26	37	31
3	72	63	26
68	56	41	22
79	51	72	38
90	100	81	71
57	42	27	42
73	24	87	61
81	34	21	77
32	64	50	76
63	5	61	38
1	51	82	12
40	3	52	55
81	27	32	87
93	66	30	55
6	32	80	84
15	38	89	2
97	27	37	7
89	70	47	30
56	33	53	100
12	13	82	51
27	24	23	10
68	67	22	7
66	52	82	8
90	44	51	78
65	16	96	87
20	55	18	97
22	71	27	73
19	11	18	57
36	76	3	100
44	8	66	36
71	40	69	41
84	83	11	55
41	32	80	41
62	98	68	7
26	100	94	8
8	96	66	85
82	52	3	82
19	20	89	35
70	51	72	20
40	100	95	48
16	72	41	81
54	92	62	25
99	25	71	10
60	43	55	36
3	63	9	6
44	4	44	68
4	27	5	87
69	62	23	14
74	33	59	14
87	71	58	20
62	57	86	54
31	25	17	100
64	66	87	39
65	89	92	35
98	89	82	73
40	96	74	16
9	52	41	54
3	23	20	20
28	80	93	72
33	7	19	27
38	45	65	53
77	4	32	77
97	98	59	14
6	37	56	47
88	92	96	46
83	98	21	9
5	85	11	40
51	18	24	85
2	1	100	28
81	52	49	24
43	49	91	16
23	86	12	60
29	59	46	79
45	33	96	60
90	26	36	98
84	59	43	58
47	85	75	48
26	59	57	23
58	53	31	38
60	55	98	11
67	13	99	66
90	75	27	32
72	23	56	63
94	87	62	41
10	9	76	92
68	62	91	38
30	50	56	34
17	33	84	23
3	67	61	51
38	70	97	30
87	21	77	80
56	74	99	64
60	44	10	52
55	62	86	43
7	94	85	73
87	44	7	87
98	78	51	53
18	87	46	95
44	74	50	49
77	67	9	33
35	64	82	40
15	23	30	2
82	50	8	85
64	72	56	90
34	48	36	89
9	33	15	79
16	88	13	84
34	69	21	24
60	22	92	7
42	76	31	12
53	72	34	60
20	3	20	66
33	50	59	60
75	75	31	24
16	59	55	43
18	5	85	9
26	59	65	93
24	21	70	39
28	26	44	98
40	20	17	55
62	84	81	53
7	51	87	64
2	54	47	100
4	59	17	92
19	88	10	79
4	89	50	48
59	43	55	74
99	16	96	44
37	49	50	44
25	38	80	6
82	4	88	53
75	59	60	36
55	45	28	16
6	77	58	34
30	66	56	99
75	26	29	30
8	17	74	13
41	90	14	90
80	76	43	2
45	94	9	16
86	43	71	35
3	75	7	90
35	59	9	54
20	92	26	54
4	70	63	77
95	21	48	21
23	74	31	21
51	97	16	59
96	68	83	94
97	1	73	44
79	30	21	52
45	40	69	9
90	18	41	66
13	43	88	53
18	76	9	64
51	35	91	60
77	23	66	40
11	29	64	84
39	29	48	52
37	15	78	72
31	44	81	64
72	59	60	18
52	38	64	39
52	27	84	20
64	89	71	25
48	61	82	22
74	46	33	69
63	7	12	35
20	7	86	92
13	91	64	17
37	38	29	2
40	21	70	42
100	91	41	17
49	37	57	10
99	15	79	74
30	10	32	72
84	28	94	90
46	61	36	19
83	20	55	42
86	76	78	16
27	100	25	19
73	4	20	47
32	44	7	71
34	49	31	99
15	96	41	91
92	66	57	37
24	17	45	25
83	45	99	86
16	28	92	93
37	28	36	51
61	9	32	50
49	35	62	75
30	25	64	15
55	67	79	78
28	66	77	89
60	47	43	25
18	47	27	39
8	22	37	63
51	28	37	97
47	54	98	8
86	63	93	35
63	49	28	27
53	88	56	81
2	28	99	92
2	29	59	75
16	29	60	90
69	94	99	64
64	52	67	71
49	41	15	80
79	91	31	37
77	79	20	3
36	98	46	6
34	31	58	8
40	13	50	49
50	100	50	44
21	21	97	39
74	6	61	3
14	11	78	27
45	34	69	31
23	91	51	52
81	16	43	77
92	9	61	7
70	98	30	37
5	45	38	75
82	51	28	58
17	58	68	1
19	100	11	80
78	28	48	17
7	71	62	13
13	43	57	86
27	73	77	6
32	27	7	56
54	11	53	41
10	88	39	37
5	34	51	59
77	8	47	63
22	81	13	47
75	55	58	68
63	64	93	86
28	27	57	51
82	69	14	5
60	18	60	14
50	100	79	27
16	24	88	77
16	20	43	56
27	27	98	50
67	58	51	73
31	51	41	69
81	71	94	99
14	14	71	30
9	77	26	44
53	87	76	21
80	51	33	13
52	69	3	31
83	92	56	70
70	68	33	76
96	80	41	96
2	26	70	96
90	70	65	28
95	22	4	11
94	71	35	86
73	91	46	39
80	71	42	41
27	70	98	100
73	87	2	99
87	86	60	50
84	61	17	48
43	42	56	92
33	57	58	74
36	22	48	92
52	95	61	85
24	82	91	5
98	63	73	87
97	32	65	70
62	63	59	90
77	22	18	96
74	42	12	96
29	73	83	21
18	43	41	53
25	45	19	24
59	20	21	47
24	70	60	8
8	15	89	49
29	32	14	1
27	82	41	91
28	84	87	14
96	46	25	38
84	49	78	88
100	30	33	1
28	19	83	16
48	29	57	45
7	95	40	96
85	39	19	83
31	5	84	41
2	4	27	81
36	7	52	81
42	39	81	7
45	6	62	46
26	63	31	9
14	68	34	27
88	53	80	98
38	99	81	56
9	13	39	54
19	37	12	37
9	11	13	16
61	52	10	12
19	85	96	81
43	2	31	23
42	29	72	25
1	87	69	4
64	63	82	92
57	57	67	88
37	9	85	59
19	50	43	99
98	5	16	50
75	64	29	4
84	57	8	95
71	75	15	42
19	4	27	88
78	98	56	7
90	83	24	67
72	37	59	44
96	94	63	87
75	54	71	39
73	54	58	51
30	13	59	1
73	48	79	60
36	50	87	20
30	22	85	37
81	66	68	72
32	94	82	14
39	91	34	41
88	4	2	13
80	41	90	79
54	46	77	80
96	92	89	36
68	92	58	80
33	36	87	28
30	51	81	45
75	14	79	24
100	23	95	44
56	46	82	94
56	5	26	57
17	55	74	43
39	58	17	30
40	38	11	47
88	65	63	70
91	68	15	67
58	16	65	87
59	1	63	35
26	65	53	42
69	33	69	10
36	43	48	65
42	11	28	25
62	16	75	56
19	39	16	59
15	94	22	51
10	45	76	52
54	50	57	22
76	41	100	93
66	33	30	11
75	52	97	21
87	69	80	22
89	81	41	4
56	62	88	90
8	100	29	33
95	50	81	64
43	79	52	74
28	95	21	15
59	13	5	58
69	45	89	58
25	24	76	57
99	44	89	97
66	32	74	22
24	97	8	61
27	54	4	23
69	46	41	90
94	37	49	59
29	76	7	54
93	46	20	6
90	9	87	49
2	31	21	8
72	100	55	55
60	79	62	19
93	7	10	96
98	82	20	62
52	85	4	55
36	45	73	74
62	27	21	43
69	12	34	86
4	83	74	48
48	26	15	18
68	76	96	12
43	21	57	68
42	1	19	34
61	92	68	22
43	44	83	61
24	92	21	87
79	85	94	22
100	30	67	67
22	64	87	39
30	40	23	91
86	39	36	9
3	17	96	16
88	96	3	61
27	31	68	80
73	35	67	71
27	99	67	35
49	93	4	26
62	14	41	64
79	30	34	58
95	21	60	49
56	67	27	34
90	9	92	2
8	14	22	57
88	33	44	34
77	49	70	18
96	93	55	9
96	67	51	5
65	24	86	100
87	35	47	20
97	100	68	100
80	27	19	55
42	11	54	66
47	82	88	47
63	76	37	95
61	70	35	93
17	65	85	15
32	19	76	94
33	10	79	100
56	86	44	47
31	87	21	26
48	90	60	47
25	78	23	67
1	46	38	30
75	60	21	10
64	73	54	89
34	57	74	23
23	16	95	27
39	53	39	69
15	10	53	25
4	11	6	97
23	75	77	1
8	10	74	84
85	8	77	21
81	72	65	20
39	26	69	66
98	7	48	79
82	25	84	15
43	83	65	61
26	72	85	43
15	98	99	47
12	32	72	18
35	86	90	31
51	56	74	71
13	28	89	26
8	57	12	25
42	88	76	62
73	78	31	97
58	45	69	81
82	18	4	23
46	45	18	68
44	5	96	49
56	70	7	67
31	73	73	15
29	6	71	24
81	23	38	11
47	75	18	19
3	59	2	77
55	47	64	65
43	75	37	33
69	21	13	46
38	49	88	76
32	8	23	11
17	89	80	70
59	32	70	45
42	33	35	22
71	8	58	89
71	14	91	81
56	33	62	26
33	83	59	25
74	99	8	96
53	71	15	54
33	68	1	26
52	13	97	32
70	63	33	44
41	62	52	72
47	13	71	88
30	58	100	64
100	45	55	81
89	16	33	1
44	78	74	92
12	41	26	81
21	41	42	60
90	55	12	14
16	95	22	3
63	31	56	52
45	50	99	68
74	10	98	33
67	48	68	42
35	40	60	16
71	2	73	6
66	2	67	89
91	15	13	14
72	88	15	17
99	81	66	51
85	6	20	55
36	43	86	78
64	79	84	74
8	28	66	96
83	35	89	72
66	97	63	34
88	77	16	27
61	62	1	22
28	4	45	45
28	46	31	7
66	34	10	34
87	83	77	69
34	44	36	50
32	75	54	1
9	38	58	32
74	9	87	69
59	38	42	44
84	96	27	19
54	56	100	96
3	72	94	34
64	34	84	62
43	88	48	13
78	8	69	1
58	92	18	60
11	67	71	56
4	80	17	45
5	10	14	61
60	86	51	17
4	95	69	12
71	85	46	5
68	31	66	49
45	73	65	68
96	19	34	89
20	97	93	36
51	35	12	53
82	21	43	60
38	72	53	92
9	11	24	52
28	75	66	40
89	71	84	59
27	81	85	83
3	81	63	27
81	52	14	75
28	15	2	53
13	60	94	24
17	74	53	12
37	15	31	3
78	10	79	61
87	24	2	3
16	82	39	96
13	36	61	94
65	38	42	64
84	30	92	11
75	61	44	43
63	67	94	87
58	47	76	4
20	99	22	39
21	58	46	81
9	85	33	42
56	2	13	37
96	74	99	69
5	17	33	100
85	2	57	97
21	39	74	44
70	84	88	75
31	29	2	30
83	26	41	73
31	73	5	17
81	8	84	4
85	72	49	48
31	32	46	10
23	75	17	37
98	3	68	70
43	77	81	89
87	53	97	34
76	9	29	6
65	3	61	76
86	82	6	7
21	83	71	94
79	63	5	79
42	70	9	12
79	52	3	21
42	4	64	44
47	21	91	21
99	89	38	98
64	73	36	28
42	45	61	49
91	95	94	80
100	36	66	12
30	32	76	46
60	14	61	23
83	39	55	21
68	62	33	77
90	2	53	42
75	81	79	59
17	6	92	70
92	29	21	64
10	31	51	41
15	42	67	64
25	54	28	66
70	93	31	84
81	62	19	90
2	89	68	57
70	78	37	68
19	38	62	78
55	15	68	13
61	71	51	80
59	7	91	12
64	94	64	36
21	9	4	35
81	30	84	100
93	65	44	24
16	32	9	16
58	34	87	99
16	92	92	24
26	38	48	42
34	13	91	93
87	33	11	14
65	22	11	71
78	100	56	22
24	37	52	1
27	30	71	9
31	55	55	85
33	89	57	41
49	68	81	50
74	34	94	93
2	63	70	7
39	25	25	17
9	41	68	55
73	11	18	32
54	8	22	84
75	98	52	71
79	93	66	30
64	35	99	1
39	86	66	86
71	80	44	69
73	46	90	57
43	91	4	69
61	47	68	5
37	10	3	79
73	44	91	25
81	85	36	10
86	1	61	83
54	23	71	14
99	58	4	37
58	53	4	64
17	80	99	54
39	65	97	31
22	76	72	49
57	65	17	90
13	82	63	37
87	24	34	22
34	97	41	76
57	51	85	68
44	50	57	92
58	48	47	2
25	75	72	20
94	33	34	21
54	5	91	18
7	70	12	52
59	89	96	90
57	75	61	20
59	51	17	52
92	74	38	22
52	98	55	70
57	6	99	76
10	44	72	17
36	47	98	46
2	53	24	68
75	44	40	56
68	64	58	46
45	43	85	16
76	38	96	82
97	89	58	41
54	9	38	61
39	45	1	46
11	45	78	2
90	100	89	62
22	44	24	28
61	14	4	61
6	28	34	69
79	26	13	82
19	50	32	48
51	49	46	97
66	55	50	94
34	55	82	30
69	2	7	86
29	40	22	93
16	42	57	84
80	3	74	76
21	3	73	23
22	13	97	2
69	36	61	70
31	49	4	30
3	32	20	68
48	45	4	58
43	1	74	66
2	50	9	91
74	83	75	88
99	76	35	25
74	9	41	92
28	18	96	9
43	39	67	5
76	36	60	39
19	71	9	24
69	59	10	75
3	7	54	17
59	15	57	54
96	94	10	48
73	24	39	21
24	62	88	82
99	14	56	66
1	1	38	51
100	54	68	86
60	19	86	44
65	66	45	69
60	67	60	97
95	9	48	15
93	100	65	74
72	70	78	80
17	69	20	74
77	54	56	59
67	72	10	12
15	20	90	11
27	60	15	10
95	76	56	18
30	36	90	72
85	51	99	36
52	90	14	36
19	80	85	5
72	81	100	31
53	22	85	89
100	74	70	84
38	13	26	78
41	30	50	67
99	98	12	18
43	34	53	5
1	37	71	45
41	14	88	100
75	80	64	96
76	66	86	80
47	22	75	93
43	44	26	35
29	16	98	95
6	15	7	35
70	87	93	15
23	84	63	39
27	82	31	17
45	29	90	76
80	38	69	67
87	83	95	89
90	38	49	49
58	40	33	4
96	59	11	21
73	47	29	36
74	89	84	61
73	56	43	41
86	59	56	80
4	54	22	37
28	20	97	42
61	37	53	23