54	36	59	27	66	29
53	42	55	40	62	45
35	49	44	51	53	53
1	60	11	54	16	56
47	62	54	65	57	69
55	54	65	50	72	56
7	52	17	61	19	61
30	36	35	33	45	37
2	57	5	47	7	52
68	31	73	36	83	32
63	65	69	71	74	79
14	43	18	52	19	57
44	41	47	36	48	38
64	49	67	54	68	51
37	38	39	30	41	20
21	53	27	54	35	62
25	31	27	38	37	31
53	67	59	64	67	62
28	44	29	54	35	54
9	66	17	70	24	66
50	39	58	35	66	41
32	32	42	33	44	29
21	49	29	55	36	55
16	41	22	49	26	55
11	42	13	36	22	36
49	70	50	60	57	54
22	43	27	52	29	51
29	32	38	39	56	53
34	68	36	66	40	76
21	60	29	57	33	63
43	50	51	55	61	51
64	68	66	78	68	74
52	39	55	37	56	33
53	56	59	57	66	55
40	31	41	34	46	36
64	34	66	28	71	35
70	36	80	40	85	42
40	50	45	59	48	59
60	64	62	57	65	66
24	67	25	63	33	68
58	35	62	21	64	14
69	61	75	53	81	43
6	32	16	25	24	33
26	32	27	42	36	43
17	32	18	24	22	33
52	44	56	49	63	40
7	43	8	37	11	27
20	36	29	30	47	18
58	61	59	54	63	44
53	58	59	68	61	60
25	59	31	57	33	64
20	60	30	66	36	66
68	67	70	76	75	77
69	30	72	39	79	37
28	38	29	37	31	38
40	31	45	39	46	43
2	63	10	65	14	66
55	61	59	52	66	53
27	58	31	57	36	55
62	51	72	47	76	56
29	66	36	56	41	63
67	38	76	36	78	37
44	51	54	55	60	54
61	53	62	53	69	47
35	47	36	50	42	54
63	39	64	36	72	42
35	45	36	43	45	47
1	62	8	57	13	67
22	62	28	63	35	57
55	50	63	49	72	41
21	66	24	71	31	75
14	60	15	57	21	51
45	34	50	34	58	24
32	32	41	34	47	39
61	31	71	35	77	45
63	64	69	69	72	73
3	35	5	27	6	24
29	34	39	27	40	25
59	31	61	38	71	41
50	67	57	64	60	55
18	48	26	53	30	44
65	54	70	52	74	62
66	50	72	49	78	57
57	42	66	33	67	30
16	62	24	58	27	57
46	61	51	54	55	60
32	53	37	62	44	54
29	55	38	61	40	61
10	39	17	38	25	32
56	35	57	39	63	45
52	41	55	37	57	41
53	47	55	44	58	42
13	33	19	40	29	36
39	52	47	52	53	62
31	35	34	38	38	47
24	33	29	37	38	36
56	52	57	50	66	56
3	52	12	54	17	53
50	51	58	44	66	36
22	66	29	62	34	58
1	36	3	43	7	57
53	30	60	22	68	15
28	53	32	44	41	44
45	52	52	52	53	48
34	56	39	47	43	47
3	46	11	52	17	46
49	61	56	60	62	56
53	30	60	39	70	35
33	32	40	26	46	28
26	46	27	41	35	39
12	41	15	38	18	28
55	52	56	61	57	70
52	56	60	49	65	42
40	43	42	44	44	45
12	43	20	45	24	52
39	53	40	50	48	53
20	57	24	59	30	59
38	59	43	68	53	69
57	64	62	69	65	72
44	46	49	54	57	47
12	67	17	69	26	76
62	63	68	58	74	68
43	47	50	50	53	50
52	50	59	55	69	46
19	61	26	64	30	68
56	35	60	32	68	26
65	31	75	30	82	34
1	70	10	65	15	68
30	47	38	54	47	60
44	31	53	34	56	30
57	42	61	37	67	44
50	63	52	70	56	62
20	41	25	44	35	50
67	45	70	45	74	54
22	70	24	77	29	75
15	57	21	47	31	54
50	54	56	44	62	47
24	61	28	71	34	61
31	70	49	62	58	58
37	59	42	57	46	66
31	54	37	52	41	59
18	61	26	60	35	55
69	38	77	45	87	42
54	58	61	62	65	71
69	40	71	40	77	33
51	47	61	48	68	52
47	37	51	28	55	34
37	47	43	48	49	56
64	30	72	34	82	43
37	39	47	34	49	42
56	40	59	35	66	31
37	30	44	22	46	29
58	70	68	69	72	67
30	60	39	67	47	73
67	38	75	30	85	37
12	67	15	72	21	73
1	62	7	60	13	58
50	39	60	45	69	45
26	50	31	49	41	50
40	62	49	72	52	82
47	33	54	38	62	45
30	68	34	66	41	75
51	46	61	45	66	40
47	70	56	67	57	71
16	53	22	60	24	60
11	32	12	22	19	20
39	41	40	50	47	48
27	62	33	69	41	69
7	60	11	70	13	60
26	51	33	45	37	38
25	62	29	63	38	69
50	46	55	38	58	33
56	45	66	52	76	59
5	42	13	33	18	30
14	60	19	65	22	59
3	30	5	26	9	18
63	45	73	54	77	63
27	53	34	56	36	53
35	31	37	28	41	28
65	69	70	73	73	64
56	61	66	65	72	61
49	70	57	63	63	66
43	54	51	51	60	51
1	57	10	63	14	60
29	35	32	45	41	44
56	55	66	57	67	52
4	62	6	68	15	70
27	44	31	40	37	39
8	36	17	42	27	51
60	57	62	53	64	43
68	63	76	70	79	68
61	51	71	61	79	69
55	42	62	32	63	35
34	32	50	40	58	44
14	35	24	35	31	37
30	51	36	51	40	42
17	56	27	63	30	54
6	44	12	39	14	37
34	61	35	53	44	53
52	64	57	69	59	59
18	69	20	71	30	64
59	62	69	61	72	56
54	51	57	43	59	34
55	48	59	57	65	64
57	35	58	35	59	30
29	38	36	45	39	47
67	55	74	58	81	61
68	43	71	46	81	55
33	51	42	55	46	51
3	57	12	66	15	56
26	42	32	38	42	38
58	64	65	59	69	63
34	37	39	38	41	37
63	63	73	60	83	68
20	46	28	48	31	38
1	70	5	72	10	69
48	33	52	36	59	37
35	32	40	33	46	35
34	31	44	31	51	26
30	33	37	34	44	35
15	59	25	58	27	56
53	41	61	35	65	41
26	57	27	63	32	53
67	62	69	63	70	56
70	30	71	25	81	20
23	48	24	44	26	54
53	41	56	46	61	48
29	37	37	28	43	33
65	31	75	26	78	34
20	45	30	50	36	58
16	41	21	31	22	24
38	54	46	48	52	40
59	48	61	50	67	53
29	67	30	65	32	67
63	68	73	67	81	70
62	49	63	43	69	53
33	58	34	56	42	52
66	30	68	29	71	36
26	67	33	73	39	74
46	62	54	65	59	56
67	68	72	77	80	87
17	44	18	54	21	55
65	52	66	62	74	69
40	30	44	30	49	27
63	41	71	47	74	49
5	50	10	60	19	59
41	41	50	33	60	43
17	59	24	64	27	70
66	41	76	37	81	35
24	32	27	25	28	35
61	32	67	42	79	62
27	70	35	71	43	70
5	56	11	47	17	37
42	35	50	25	53	20
56	51	60	55	63	65
62	37	64	41	73	49
29	37	34	28	44	10
6	58	8	51	13	41
27	59	31	59	40	62
41	48	45	55	51	54
14	49	19	46	27	39
14	68	17	78	22	68
9	31	11	33	14	40
11	44	18	41	20	36
66	57	73	57	77	61
15	61	24	69	33	66
55	47	67	33	73	26
33	47	36	41	40	43
3	35	19	15	27	5
35	40	38	43	41	33
52	67	62	64	65	61
12	45	17	38	27	39
2	50	7	48	11	53
60	32	70	39	73	49
65	50	70	40	74	35
39	36	48	36	66	36
61	57	67	59	73	61
15	49	21	55	29	64
38	66	45	56	54	47
10	39	14	29	23	29
66	49	70	50	74	48
67	37	69	34	78	28
38	37	42	31	48	23
43	59	53	55	55	57
44	61	50	60	58	64
1	46	4	41	10	43
50	70	57	72	66	81
5	42	21	46	29	48
23	60	27	54	30	60
23	46	29	54	31	55
37	61	38	70	39	70
64	59	68	64	72	69
61	53	68	59	73	55
67	40	77	30	79	34
18	41	28	47	37	43
6	42	16	49	19	58
30	31	40	31	50	23
54	68	63	58	72	59
19	53	20	63	24	70
43	65	49	65	59	74
19	39	29	45	33	42
17	38	23	39	29	37
25	30	33	30	41	31
51	66	60	73	61	72
11	30	12	37	15	38
51	48	54	48	56	43
27	61	32	51	37	41
62	38	72	33	76	40
24	42	34	43	44	42
13	45	21	36	30	31
39	53	49	56	53	53
9	57	17	54	22	60
57	65	63	60	75	50
28	35	31	45	34	51
14	45	30	63	38	72
46	43	48	53	55	43
14	38	22	31	29	31
57	45	62	38	68	30
17	46	21	36	24	37
11	60	18	67	20	69
67	36	68	44	77	39
13	50	14	56	22	47
58	65	64	58	69	54
64	44	74	42	80	35
34	52	38	42	47	32
15	59	18	66	27	67
64	51	67	42	72	46
62	56	69	53	76	50
4	63	5	63	8	55
49	69	57	74	66	64
43	35	46	31	52	37
1	63	8	60	9	59
42	66	49	70	55	64
28	47	37	53	45	58
67	56	73	53	77	53
52	32	56	37	62	32
70	39	72	29	79	33
6	41	7	33	9	17
16	59	21	59	30	50
4	36	6	46	10	66
68	65	72	61	81	52
54	46	63	50	66	42
19	65	29	65	34	65
62	50	68	46	69	40
11	70	13	65	22	66
5	39	9	44	12	38
52	63	53	70	59	75
50	37	56	40	68	46
31	48	35	39	44	42
37	61	45	63	51	66
32	31	39	36	46	29
10	57	16	56	21	55
31	63	38	66	39	64
43	45	46	41	53	43
68	41	73	37	83	29
13	57	17	63	23	66
21	61	29	63	33	56
6	69	8	78	14	73
59	56	63	55	64	56
13	46	15	39	22	32
53	40	71	38	80	37
1	63	7	68	8	67
16	70	26	69	34	72
24	31	25	28	31	19
9	45	16	43	24	33
23	59	27	59	28	54
2	55	9	54	15	47
14	56	21	66	22	76
51	60	56	52	60	45
32	41	36	49	41	43
20	58	30	66	34	67
29	69	38	65	48	58
51	60	56	69	57	62
69	59	73	61	74	66
24	34	30	35	40	25
68	55	69	64	74	66
54	48	62	44	63	54
39	47	49	52	50	59
68	42	71	38	79	29
60	30	68	21	70	15
8	53	9	59	15	53
19	32	22	26	30	25
48	65	57	71	60	62
22	56	29	66	35	62
32	64	35	73	41	91
31	65	41	75	46	77
50	40	60	32	70	24
20	37	27	46	29	56
55	62	61	60	71	51
21	63	27	54	30	44
26	62	34	70	38	73
20	32	36	32	44	32
69	60	76	52	79	60
13	56	23	56	33	54
57	66	63	75	64	85
64	45	74	36	82	33
35	60	43	68	51	76
6	52	9	50	15	46
49	59	59	53	68	63
50	45	55	52	56	55
5	44	12	35	18	36
49	66	51	69	58	65
18	45	20	53	28	55
14	51	22	48	30	45
8	59	18	52	25	60
14	70	18	60	26	67
58	36	64	46	71	48
1	42	11	41	12	41
58	60	66	68	68	78
13	32	18	34	22	39
28	69	37	60	45	70
27	34	31	31	39	25
30	55	38	47	42	50
17	53	19	50	28	50
8	41	13	44	22	46
24	39	28	41	34	46
45	47	50	46	58	43
31	30	36	35	37	27
28	68	35	61	40	52
58	66	66	61	73	67
27	64	32	55	42	51
10	34	20	36	22	34
20	61	29	64	34	62
21	33	26	43	33	41
38	33	40	40	46	38
13	37	20	28	34	10
18	63	34	67	42	69
44	52	45	59	47	53
9	33	16	23	24	17
55	54	64	60	65	61
42	34	52	28	58	30
50	49	60	57	68	67
20	47	30	48	39	41
69	47	79	48	89	57
46	62	56	68	64	72
31	51	38	41	45	31
44	70	46	68	49	68
13	36	16	36	20	30
48	56	55	59	62	52
47	70	48	61	49	52
59	66	63	66	66	59
26	47	34	39	42	38
34	55	42	51	46	51
54	65	64	63	74	70
67	70	69	67	79	62
20	67	28	71	31	62
17	68	23	63	26	72
3	54	11	56	19	48
2	40	4	31	8	30
31	60	39	58	41	61
50	36	57	30	62	40
65	61	67	61	77	58
28	37	36	46	38	41
47	66	53	61	60	61
15	30	24	36	27	32
31	45	35	41	37	50
35	45	41	37	43	33
40	32	45	23	49	21
19	62	39	44	49	35
50	61	53	66	60	57
67	62	72	64	82	61
12	51	13	44	18	38
46	69	50	74	60	83
12	54	22	44	27	39
28	59	35	66	43	57
7	61	13	69	19	77
55	66	63	56	71	51
68	32	77	41	86	46
24	62	26	72	28	69
54	47	64	41	72	40
46	66	49	65	58	74
27	47	28	50	32	47
24	67	32	75	33	84
22	53	28	54	36	62
32	68	40	58	49	50
13	67	18	63	26	73
26	65	30	75	40	80
37	62	41	61	47	57
22	36	31	33	32	30
34	49	41	58	44	64
70	39	76	32	86	37
50	61	57	71	59	73
11	43	17	52	25	62
55	58	65	66	72	73
29	57	30	65	40	74
39	53	42	53	48	50
28	68	32	70	40	77
11	50	21	46	41	38
16	52	22	48	26	56
22	33	28	24	30	27
42	60	46	58	48	60
28	60	34	55	43	45
18	36	19	37	21	32
1	40	11	36	19	41
22	61	26	57	28	49
28	43	34	48	37	46
58	50	59	57	61	71
4	67	10	67	16	67
9	54	15	51	20	50
68	33	74	28	84	32
58	65	67	64	76	74
32	37	34	46	42	54
18	45	20	51	28	56
10	67	15	66	24	63
53	65	61	56	70	65
14	33	16	37	17	38
29	60	33	64	39	56
50	37	55	42	65	38
67	69	77	73	83	63
23	68	32	72	42	73
22	59	23	50	24	41
52	36	53	42	56	37
4	57	8	54	17	57
17	35	19	25	24	25
7	62	13	72	20	74
28	49	32	52	40	42
55	57	57	66	61	69
46	32	52	35	58	38
58	37	67	28	70	32
45	44	51	51	58	54
46	38	56	42	58	44
32	48	42	39	44	47
32	60	42	56	46	63
15	39	18	46	19	51
30	30	34	26	41	30
32	68	41	58	49	56
51	35	61	32	70	29
45	43	51	37	60	35
68	32	77	31	86	31
32	46	40	36	42	42
55	53	59	43	64	46
7	40	12	40	16	37
47	65	49	71	53	70
63	67	69	67	81	67
20	59	23	55	30	57
60	61	63	55	67	60
62	62	66	71	71	63
55	52	62	47	71	43
63	57	71	57	77	53
26	56	28	50	32	38
67	67	81	85	88	94
44	54	46	58	48	57
7	50	13	51	15	57
48	69	51	69	53	77
52	51	55	45	57	49
21	65	23	70	24	65
65	61	70	53	72	58
51	37	57	28	66	28
69	62	71	57	78	50
6	69	11	77	20	81
44	35	52	41	57	33
13	67	17	72	19	75
25	41	27	31	29	28
6	48	12	44	14	40
57	45	60	52	61	47
4	45	7	37	11	47
63	49	68	55	74	48
49	55	58	60	62	60
47	45	52	46	60	52
37	33	46	30	50	39
62	62	72	58	76	51
69	54	75	47	81	40
9	61	13	53	21	59
27	30	35	31	42	24
26	45	32	43	34	37
57	64	67	63	77	59
48	61	58	58	65	51
54	45	62	40	69	38
61	37	65	46	69	55
58	54	63	45	68	54
23	67	28	71	36	70
49	39	58	33	68	43
43	30	52	23	58	30
66	57	73	57	80	63
6	41	15	42	23	32
59	54	61	63	63	56
45	37	47	31	50	34
42	70	52	64	54	68
19	32	21	30	28	30
67	41	74	43	84	44
28	44	31	50	38	44
33	47	37	43	39	36
22	54	26	54	30	56
38	49	44	50	51	45
65	43	72	47	73	56
45	47	50	41	55	37
45	51	46	57	50	47
47	54	49	57	59	63
62	30	65	38	75	48
8	32	15	33	18	29
13	64	16	68	19	59
67	44	75	52	78	45
52	35	53	30	55	40
30	52	34	57	38	50
33	33	36	34	44	32
53	58	63	58	70	53
47	58	57	67	66	61
65	33	68	30	72	34
21	69	31	74	41	64
19	51	23	50	31	53
32	49	40	59	56	79
54	64	58	71	63	80
39	70	49	63	53	67
32	59	33	64	41	58
28	36	34	35	35	37
33	54	39	52	46	61
32	50	33	60	43	53
20	35	23	44	24	49
52	59	53	59	59	66
48	46	52	43	56	39
28	61	36	52	44	48
16	62	24	52	25	49
2	30	8	22	17	24
62	34	71	39	73	45
8	54	15	60	24	53
27	42	36	50	41	60
65	49	71	49	76	47
26	51	29	54	37	62
46	56	50	56	56	52
13	35	16	27	19	36
51	47	54	50	60	46
46	56	49	66	53	73
7	37	9	42	12	44
46	66	50	71	57	63
23	40	28	45	33	38
7	35	9	41	10	44
70	30	72	31	74	30
7	69	9	66	19	62
6	52	15	61	24	55
23	45	32	39	50	27
6	70	10	62	11	67
52	55	56	62	64	76
3	56	7	49	11	46
8	53	18	46	24	40
24	57	29	54	36	48
21	33	25	23	35	16
12	48	21	58	29	61
39	69	49	75	50	80
36	48	38	58	47	56
5	30	6	30	12	30
40	47	42	52	44	61
10	61	14	79	16	88
55	58	61	59	67	58
55	56	58	46	60	52
7	47	16	47	19	39
70	52	78	42	87	48
26	58	36	48	39	56
26	47	31	52	32	52
65	42	67	52	71	50
50	50	57	57	62	59
12	58	18	64	25	61
68	66	78	64	87	62
1	38	9	43	16	35
17	50	18	41	23	39
13	61	15	65	18	62
51	45	61	39	63	40
30	50	36	60	46	67
22	64	24	68	29	61
16	39	24	48	34	56
9	54	17	60	18	60
57	47	63	43	69	42
70	48	72	55	78	53
65	63	75	71	85	79
35	36	38	31	41	34
21	66	30	59	40	56
35	47	42	45	56	41
9	39	10	41	18	38
64	38	72	43	80	50
56	57	63	52	65	61
37	34	51	52	58	61
42	45	45	44	50	53
11	41	15	44	19	52
19	33	26	24	27	16
42	63	47	60	50	69
42	35	46	38	49	31
37	59	40	52	49	48
37	42	47	33	50	39
32	70	38	74	42	64
39	39	40	29	50	37
11	33	21	34	29	43
25	39	34	44	43	42
37	69	40	60	42	53
9	66	19	59	21	57
35	65	37	75	42	82
16	53	22	50	31	42
54	53	64	44	70	40
20	65	30	55	38	49
14	53	24	33	29	23
61	45	69	50	74	52
22	45	30	49	33	40
26	43	28	25	29	16
66	38	71	32	81	36
25	31	35	23	36	20
16	45	26	39	28	49
51	67	52	62	59	66
46	65	47	62	48	60
47	45	52	52	60	62
20	44	27	41	36	32
70	37	88	51	97	58
15	41	20	51	24	41
49	36	59	41	60	51
40	70	45	67	50	77
32	53	36	61	44	63
47	58	51	60	53	61
43	45	46	45	49	45
62	56	67	58	69	55
32	40	40	42	50	48
7	61	8	51	16	53
16	31	21	37	26	39
54	37	55	47	65	51
19	44	26	44	29	52
20	57	25	62	35	69
60	56	66	52	69	50
47	55	48	62	55	68
48	32	56	34	64	36
35	64	39	60	41	58
5	30	13	32	23	29
54	54	62	62	72	63
59	64	63	63	70	68
57	32	66	23	69	27
55	53	62	55	67	47
56	59	64	69	67	60
1	61	3	71	9	70
45	37	52	39	60	30
68	60	74	55	81	60
2	50	8	70	11	80
3	35	10	35	14	38
56	42	64	34	71	28
10	46	20	36	28	27
59	69	62	73	68	70
70	40	79	50	81	51
36	62	38	63	40	64
33	57	35	55	36	54
60	55	62	50	70	46
14	36	19	42	28	38
57	31	66	23	72	27
45	54	54	53	61	52
13	66	21	61	23	67
26	50	33	42	41	40
24	69	28	66	36	57
44	52	48	55	56	54
2	34	10	28	19	28
20	58	26	48	32	53
38	60	48	59	51	60
45	68	47	64	51	59
25	46	31	47	35	47
28	67	38	64	48	72
21	38	25	29	29	23
57	48	60	39	70	47
12	50	22	48	25	41
21	38	26	47	29	42
57	43	59	29	60	22
25	59	33	53	34	43
38	68	42	67	47	70
16	47	26	57	34	61
70	30	79	22	80	31
70	35	72	44	75	39
31	46	39	36	41	26
26	61	36	59	43	50
27	55	29	64	33	82
25	59	34	50	35	42
39	62	42	62	44	59
55	31	58	40	64	44
45	39	54	44	59	52
43	51	44	41	48	41
51	44	58	48	65	52
59	53	64	52	71	46
10	44	19	38	20	33
50	50	60	46	67	41
66	41	68	41	77	49
5	57	12	51	17	52
5	55	10	64	13	56
19	48	28	56	29	66
16	60	19	70	25	90
64	41	67	51	75	48
5	57	7	67	13	72
45	65	51	63	55	56
47	63	51	65	59	73
59	67	63	62	70	53
55	65	60	55	69	58
42	64	51	71	55	67
25	44	34	41	41	33
33	69	38	63	44	57
53	68	61	62	68	54
2	52	6	60	12	52
68	48	76	39	82	46
40	70	50	70	60	75
63	44	79	36	87	32
59	67	61	69	69	62
24	63	30	62	32	52
35	51	42	44	52	42
14	69	23	74	30	71
10	38	16	39	17	43
5	59	7	54	11	54
53	64	58	57	68	55
25	46	32	53	33	45
66	33	75	36	84	30
43	32	53	26	57	35
57	52	67	51	76	48
10	57	16	56	26	61
56	31	64	37	70	28
46	53	52	45	56	35
55	56	65	49	70	57
61	37	65	38	73	47
29	64	32	70	37	79
2	61	7	67	16	60
68	52	72	45	76	53
2	50	5	47	14	42
61	63	64	72	66	63
52	65	56	60	57	56
62	54	66	59	74	57
44	48	48	57	52	66
27	43	37	42	44	46
11	69	13	77	21	69
16	58	26	67	29	68
10	67	20	69	22	77
18	44	27	34	28	33
29	40	38	48	42	48
65	64	70	66	76	65
65	39	75	47	80	51
17	47	27	55	32	62
64	54	68	61	75	65
57	48	59	39	68	30
16	32	22	42	28	40
23	35	27	32	33	41
70	61	71	64	77	73
24	37	31	41	40	31
34	46	39	54	44	59
26	67	35	57	40	54
33	34	39	36	47	44
48	40	53	47	55	53
62	57	65	65	69	59
52	34	57	41	59	33
59	35	66	38	72	28
6	34	8	42	10	50
57	35	67	26	71	36
34	40	40	32	41	24
51	30	53	40	54	45
14	64	24	71	26	72
1	62	10	55	16	49
3	54	13	52	21	46
11	54	17	53	18	52
11	32	13	26	14	23
61	69	70	62	80	68
9	57	17	56	24	64
50	34	51	37	54	35
4	40	9	37	10	29
61	60	69	66	70	72
6	54	15	55	25	65
33	67	34	64	36	68
3	64	7	67	11	70
57	58	61	64	71	68
19	68	29	71	36	63
45	51	47	42	50	40
41	43	45	33	55	31
59	67	63	59	73	59
27	58	28	63	32	63
37	42	42	33	43	34
36	53	40	43	48	53
26	69	34	63	42	57
30	31	36	32	43	34
19	63	21	60	31	69
4	31	14	40	23	47
23	43	24	34	27	35
1	59	4	59	5	63
34	55	43	58	48	59
49	56	59	61	67	64
24	33	33	26	38	34
51	49	56	41	57	48
7	66	16	61	19	71
29	48	32	49	35	50
45	57	47	53	52	62
48	56	56	48	60	44
40	61	49	59	51	57
36	54	45	46	53	48
44	67	45	69	52	61
33	31	37	24	38	16
42	48	47	49	50	47
57	40	64	44	65	46
3	67	4	74	13	70
53	30	61	34	67	25
51	34	54	25	57	33
10	50	16	59	18	59
48	53	58	60	64	59
9	37	13	36	22	44
31	61	40	68	44	71
10	63	17	54	25	63
30	58	40	66	48	66
32	69	41	60	48	52
65	46	72	48	73	52
52	63	53	67	62	58
54	64	62	65	68	74
36	32	42	36	46	43
56	59	64	69	70	68
28	58	33	52	36	56
61	68	63	72	68	73
10	35	16	39	18	39
25	56	35	54	44	60
8	43	16	52	23	49
10	40	14	37	17	39
9	69	10	72	13	79
42	44	45	47	55	54
4	46	12	37	22	38
43	61	51	66	54	74
61	69	65	59	75	64
48	54	56	48	66	38
69	59	73	60	79	64
61	41	65	32	66	40
13	31	22	31	32	22
27	30	34	35	35	38
56	30	74	24	83	21
44	32	49	26	59	14
64	30	71	20	78	28
50	50	57	58	63	68
57	54	63	57	71	56
51	32	57	32	63	32
46	66	55	73	57	70
52	59	57	68	65	60
9	65	19	57	22	47
30	30	36	36	40	31
14	68	16	70	17	71
17	63	27	70	31	64
66	33	71	35	81	37
27	64	28	63	37	58
17	65	21	56	29	48
38	62	43	60	47	65
21	50	23	58	24	66
24	34	34	41	42	31
26	33	33	26	40	19
1	68	7	74	14	65
28	42	29	35	35	43
6	44	15	45	24	42
63	60	68	54	69	46
13	58	21	53	23	48
25	66	30	74	40	73
3	51	11	50	20	40
1	41	2	32	10	36
14	54	20	46	30	51
43	48	53	42	60	38
33	66	40	71	49	75
17	36	25	44	26	45
30	44	32	37	38	38
20	68	28	61	36	69
6	39	9	37	17	40
28	66	32	67	33	65
32	68	35	78	37	78
6	32	7	26	15	29
67	36	73	29	82	37
64	42	69	35	78	32
33	52	40	42	42	33
70	54	73	61	77	52
12	31	15	41	16	40
53	37	57	36	63	31
45	40	53	41	55	51
36	52	38	54	44	52
40	48	44	58	53	55
20	65	22	70	31	60
26	56	32	61	40	65
24	38	27	35	28	40
33	49	37	52	41	55
13	60	23	60	30	68
25	46	32	52	35	61
10	67	16	75	24	79
17	40	18	42	26	45
58	45	67	36	76	38
45	69	46	70	56	62
66	68	71	58	73	59
40	58	45	58	49	57
34	69	43	78	46	76
2	46	9	47	13	56
67	65	71	65	77	57
23	52	30	48	32	53
47	52	53	47	55	44
1	57	7	50	15	60
39	65	44	74	51	84
59	60	60	62	64	59
28	34	35	27	42	27
59	36	62	33	68	28
15	63	19	72	21	78
49	49	53	55	61	49
57	63	64	70	65	79
39	32	49	34	55	38
50	33	56	37	64	34
65	37	72	40	78	33
46	68	50	72	53	73
25	52	31	42	35	49
54	55	58	58	60	67
28	31	29	41	38	50
45	48	48	56	56	60
10	39	19	47	21	48
38	45	52	39	59	36
11	52	15	62	20	56
18	66	22	71	27	73
50	33	53	26	59	19
45	46	50	52	60	49
60	57	64	60	68	63
6	30	9	35	15	30
17	62	19	65	25	74
32	65	38	68	42	68
11	49	13	50	22	52
17	34	18	32	28	41
6	68	11	71	21	77
28	55	31	47	36	46
28	63	37	73	55	93
15	68	24	59	30	64
18	30	22	22	29	23
2	45	9	37	19	36
10	52	16	43	22	34
8	70	14	61	19	54
15	58	17	68	23	61
61	45	63	38	73	47
68	31	72	36	81	36
6	45	9	55	15	52
18	53	22	63	28	68
23	63	31	71	39	66
53	54	58	48	59	58
68	52	71	44	78	48
22	31	23	23	32	14
57	47	59	49	61	50
15	36	24	39	27	34
56	47	64	43	68	53
3	64	12	59	21	54
1	62	9	68	25	80
44	68	45	63	47	72
35	61	40	60	44	59
57	51	58	46	65	45
23	61	32	57	38	49
44	46	54	37	57	28
28	55	34	47	39	57
37	56	43	53	48	56
35	37	40	47	45	37
12	54	22	50	31	58
25	35	29	43	33	38
63	35	65	33	71	35
10	36	20	42	25	44
17	63	19	55	20	64
2	57	11	51	12	61
35	33	40	26	44	25
4	68	10	70	15	60
30	44	35	34	38	24
24	42	32	34	36	41
33	47	35	55	42	45
7	33	14	36	16	29
62	54	68	47	78	51
22	63	24	65	34	75
55	31	56	24	63	15
37	63	45	65	55	64
18	34	22	31	31	34
49	47	59	46	61	55
42	59	45	52	48	45
22	32	29	31	35	22
25	62	34	64	44	58
4	59	12	54	13	51
7	55	8	59	13	51
65	33	70	32	80	37
15	52	25	42	33	39
64	50	68	42	78	40
61	57	62	48	69	42
31	32	39	26	49	35
49	70	51	69	56	64
12	39	15	46	25	39
9	53	15	46	23	38
30	41	34	32	40	37
35	63	44	69	49	59
37	46	44	40	46	37
31	57	34	61	35	67
35	40	36	36	45	44
50	68	54	63	60	68
29	53	30	57	32	57
12	52	22	54	30	58
42	50	46	60	56	69
40	55	45	65	47	64
33	55	43	62	50	59
9	68	10	58	14	54
50	31	58	28	66	25
9	48	10	44	17	50
60	68	67	72	77	62
49	68	50	74	52	70
33	53	37	63	44	66
61	53	69	56	79	63
2	30	9	34	18	39
12	70	16	63	20	67
55	66	65	69	74	73
62	69	66	72	68	79
27	30	28	40	30	36
65	42	66	46	72	45
41	43	49	39	59	44
48	32	49	23	51	25
3	60	4	52	13	55
69	34	71	40	75	42
43	42	53	50	56	54
46	37	50	33	51	24
67	31	77	35	97	43
62	53	63	54	65	56
36	54	43	56	46	57
16	32	26	23	34	31
59	46	67	50	73	56
7	31	11	26	12	30
69	31	77	29	84	28
49	47	69	61	79	68
49	56	50	65	52	58
49	49	52	45	53	53
30	53	34	49	36	57
17	31	19	34	21	33
11	69	20	77	30	85
32	64	36	66	46	73
36	31	41	36	49	30
8	42	15	40	23	36
43	33	47	32	55	42
37	32	42	33	43	39
52	39	60	49	61	47
70	44	80	49	83	42
47	38	52	28	58	29
54	37	56	44	60	58
69	70	70	63	78	61
27	32	36	31	43	39
43	59	47	64	52	71
60	64	61	64	66	59
68	32	74	24	77	26
2	54	10	59	19	58
43	52	53	55	60	51
4	57	8	52	9	54
10	43	17	35	19	40
1	48	5	46	8	46
9	57	19	59	23	66
22	60	31	55	49	45
65	45	68	53	71	63
63	41	64	44	71	49
42	33	56	23	63	18
46	68	47	66	48	69
62	63	72	70	78	64
35	56	36	55	39	51
50	63	56	60	66	63
47	38	51	40	55	31
70	44	79	38	85	32
5	59	8	64	13	58
67	64	70	69	72	60
8	31	9	40	10	49
44	40	47	34	49	28
20	58	23	58	24	48
9	50	16	53	20	61
26	38	35	42	36	49
23	51	26	59	29	51
33	44	39	43	40	46
10	32	13	36	14	27
39	55	43	65	44	65
2	34	8	29	12	29
13	61	20	71	30	68
10	45	13	48	16	51
17	36	23	26	33	32
54	66	64	74	67	77
31	40	32	33	39	25
67	41	74	46	81	51
24	46	28	38	31	45
2	65	11	65	13	67
14	41	24	46	30	41
15	65	16	55	24	46
20	66	30	62	50	54
39	44	41	60	42	68
38	36	41	42	47	35
62	51	72	43	92	27
17	33	26	42	28	43
58	36	66	31	74	41
4	37	10	29	19	32
38	64	48	54	55	59
8	62	10	71	17	64
57	47	59	54	68	46
27	47	28	56	35	64
49	58	58	49	59	50
17	50	27	54	36	61
27	35	31	40	40	35
55	30	58	25	64	26
31	30	32	23	41	17
7	53	16	51	22	43
64	30	66	31	70	40
19	62	22	72	29	63
48	51	57	60	67	68
34	69	40	76	46	74
41	39	44	34	46	27
1	37	8	45	15	41
17	39	19	32	21	36
3	54	9	52	15	50
30	32	36	37	44	38
49	52	59	57	64	65
48	44	50	35	54	37
18	60	22	63	26	68
38	56	46	64	55	70
67	47	77	46	78	37
48	59	53	58	57	54
49	38	54	43	61	42
22	44	23	37	32	44
65	54	74	47	75	53
65	42	72	47	78	38
1	33	3	34	8	34
31	40	33	47	37	44
6	41	9	44	12	50
10	40	13	46	19	51
64	33	65	39	69	35
20	44	27	40	31	46
24	60	28	60	33	57
3	42	4	49	7	45
58	68	66	76	74	76
13	69	14	70	15	79
65	67	69	74	79	82
36	33	39	39	43	39
56	33	66	41	67	31
30	52	35	51	39	53
54	44	64	37	69	42
26	42	27	34	32	43
60	47	61	43	62	36
61	31	68	29	78	36
27	57	31	57	34	62
52	68	59	73	67	66
56	54	64	52	65	48
9	41	11	43	16	34
22	51	30	59	39	66
46	35	53	45	55	38
35	40	41	32	42	27
32	63	42	54	48	55
27	65	37	60	44	50
30	65	39	64	43	59
33	66	38	58	40	67
3	46	8	49	17	47
48	45	57	53	61	51
19	52	27	47	29	48
27	58	34	49	35	55
66	46	76	56	83	60
32	63	39	60	46	52
35	30	41	35	53	45
15	44	22	52	32	50
46	59	55	60	64	62
53	70	62	78	69	83
57	60	59	69	65	67
63	57	64	54	66	52
41	48	42	54	45	62
51	69	52	73	53	81
36	43	43	53	44	45
43	47	53	45	63	37
5	56	8	62	11	60
38	49	40	42	49	46
54	50	60	32	63	23
27	43	31	40	32	35
68	30	70	27	73	33
47	43	56	52	65	51
69	65	75	71	78	70
60	67	68	63	73	64
52	53	61	51	71	43
37	40	45	34	46	40
31	58	35	56	37	50
33	65	39	63	48	69
7	63	8	55	11	56
54	65	60	74	64	77
43	36	50	35	57	29
17	42	26	40	29	40
50	34	60	29	64	24
31	64	32	62	35	58
59	60	65	64	71	74
50	37	60	45	66	35
35	68	43	76	44	79
53	32	60	23	64	16
22	48	23	41	33	43
40	59	48	57	54	54
66	60	71	50	76	40
66	66	70	67	72	70
7	58	16	61	19	67
28	60	38	64	45	62
66	39	76	38	82	33
57	42	60	33	62	37
29	42	34	36	37	33
61	50	63	46	71	55
15	34	23	36	32	40
47	56	49	46	53	52
27	33	33	28	34	24
31	44	36	54	37	49
51	60	53	51	57	47
15	40	20	42	21	47
47	66	50	71	56	80
29	57	30	57	37	62
53	63	60	69	64	70
63	31	73	40	78	31
60	31	67	24	73	15
32	49	35	55	39	52
5	58	11	54	17	50
30	56	39	55	42	53
60	33	69	39	78	37
45	34	49	35	56	44
26	31	36	27	38	33
25	67	32	74	40	70
29	43	37	41	44	31
27	49	28	51	38	57
42	66	50	65	54	64
43	31	45	22	52	30
12	36	22	36	23	36
54	31	56	25	66	35
39	39	46	49	56	41
2	44	6	50	15	60
22	30	26	36	28	30
24	65	26	59	28	53
58	65	65	59	70	59
4	62	9	53	16	59
11	63	17	68	20	69
33	31	41	30	57	28
55	39	65	41	69	45
66	35	69	28	79	25
53	50	54	46	58	42
4	51	10	48	17	53
26	64	35	70	41	76
58	47	67	43	77	40
1	66	5	72	13	84
48	69	58	69	65	70
51	58	56	52	64	62
41	42	46	40	50	42
65	32	67	42	72	51
4	55	6	56	14	52
29	37	33	28	34	38
9	58	16	60	26	61
50	54	60	48	63	43
63	38	68	43	74	52
6	30	13	34	20	27
9	40	13	33	20	36
27	50	32	57	37	53
3	48	7	45	8	52
68	49	72	49	73	44
48	42	68	22	78	12
42	44	49	35	56	38
36	59	37	68	39	71
4	52	12	44	16	40
46	36	49	46	57	47
55	58	61	58	63	49
53	58	59	54	67	53
1	39	9	37	13	36
69	35	77	37	85	27
31	54	38	52	40	47
57	52	63	45	65	51
26	62	27	64	29	70
64	48	70	51	72	43
41	49	51	55	52	58
7	55	16	51	18	58
49	38	52	32	59	37
23	52	33	54	36	58
11	30	19	31	27	32
17	33	24	30	25	23
19	37	21	32	22	42
15	40	19	39	24	37
18	67	28	60	36	69
67	54	69	60	70	68
44	34	53	44	58	39
10	52	18	49	21	47
64	52	68	48	76	55
13	42	15	52	18	54
42	70	47	66	48	71
10	30	15	32	17	32
25	50	34	42	40	36
4	40	9	31	10	39
57	38	67	37	74	39
40	37	41	38	48	31
37	54	45	59	49	58
56	60	65	67	69	60
51	32	54	33	60	35
24	63	30	56	35	65
56	43	65	44	74	35
38	56	46	52	62	44
44	30	47	22	52	18
1	64	3	69	5	77
30	58	34	59	36	57
3	49	9	45	19	41
1	32	5	42	9	39
23	45	28	46	30	45
67	38	68	39	78	44
59	52	61	60	64	50
38	52	46	54	47	50
55	60	63	50	68	56
23	67	24	58	34	61
18	68	26	59	32	58
37	32	39	25	43	32
58	37	68	43	70	52
33	49	39	42	49	49
44	43	52	43	56	37
44	48	50	44	62	36
18	58	25	65	27	74
36	59	37	55	46	59
56	48	58	57	64	60
64	59	68	62	72	65
35	38	41	37	49	32
65	62	71	66	75	56
1	66	2	65	7	69
36	37	45	39	54	34
24	69	28	63	30	59
22	70	29	77	35	75
1	33	6	43	12	34
3	39	12	42	21	45
70	30	78	37	87	27
41	63	44	63	47	68
49	66	53	69	63	64
35	33	39	35	43	28
22	59	27	60	36	63
21	34	30	41	36	48
13	65	23	63	31	56
9	42	12	52	13	49
67	52	70	52	79	62
8	47	18	42	19	51
57	45	66	43	71	52
15	51	18	47	28	37
30	60	36	53	40	55
38	58	42	55	51	57
32	59	34	50	37	40
66	55	72	51	77	60
2	65	4	70	8	80
49	57	53	49	61	46
19	57	31	39	37	30
17	61	22	52	31	57
61	50	70	40	72	48
43	51	49	43	58	52
28	61	34	51	46	31
36	32	37	40	40	31
67	69	73	78	76	70
17	38	25	35	31	43
31	60	36	58	45	61
60	30	69	20	78	28
56	39	66	39	67	45
46	42	52	35	60	45
14	37	17	43	18	36
22	47	27	38	32	45
67	44	77	35	80	45
68	51	77	50	78	51
32	33	35	39	42	49
58	62	61	65	68	64
58	56	63	56	73	55
67	51	68	55	69	56
47	69	51	63	58	66
23	59	26	67	35	58
39	51	44	43	50	38
62	35	72	28	73	21
41	58	42	58	47	52
58	32	63	25	72	18
66	35	73	35	77	25
69	50	75	48	78	58
59	52	60	58	65	51
2	47	6	52	15	57
34	58	44	63	45	58
70	60	77	69	79	68
14	34	16	36	19	36
36	43	40	53	41	63
51	50	59	59	62	63
56	38	63	38	71	29
57	43	66	50	74	53
22	54	24	61	27	64
26	32	34	42	37	33
18	64	19	59	27	69
63	52	65	50	70	59
2	41	4	45	8	35
63	32	64	30	65	39
11	48	17	46	18	47
34	68	40	69	47	75
4	63	9	61	19	57
25	62	32	57	42	47
25	62	35	70	43	60
53	34	59	44	64	42
38	43	44	36	51	30
59	39	66	29	70	35
25	51	28	42	38	37
49	37	57	31	64	26
67	45	72	48	76	48
32	41	34	48	38	62
36	52	39	60	44	55
29	53	33	62	38	54
60	36	69	45	79	54
63	65	66	62	67	58
64	39	66	34	68	37
10	62	19	66	24	57
26	67	31	62	33	67
22	43	24	53	33	52
49	45	55	47	65	56
25	43	32	43	37	34
26	52	29	56	35	64
37	68	45	60	61	44
19	54	20	64	30	59
6	48	14	45	19	45
53	30	63	36	69	40
19	68	21	76	29	66
7	60	9	58	15	56
63	48	65	46	66	42
18	68	25	61	26	66
36	44	46	41	48	48
47	35	48	25	51	30
50	66	60	76	61	72
41	52	45	60	49	57
70	59	78	49	81	44
29	45	30	47	36	56
22	63	32	51	37	45
39	32	47	26	57	24
66	63	72	63	80	63
48	47	52	57	62	56
21	50	30	48	36	46
20	59	30	62	38	62
66	60	72	59	81	68
43	55	49	58	50	59
62	65	67	66	69	67
39	47	47	42	48	45
6	69	15	72	25	74
49	32	55	37	61	40
61	50	69	54	78	44
61	58	62	56	72	66
22	66	25	64	28	54
48	32	58	32	68	40
57	53	66	47	76	46
66	35	78	43	84	47
16	41	24	36	32	31
26	45	27	41	29	36
13	37	20	43	25	51
15	32	22	28	24	19
49	44	57	48	65	51
22	46	32	51	33	48
57	56	64	55	67	51
35	50	38	47	41	47
11	36	16	27	26	18
2	46	9	49	16	52
56	47	57	55	63	52
30	64	39	62	57	58
15	65	20	61	26	53
11	40	17	43	18	39
55	39	56	45	63	48
50	32	52	32	60	25
52	42	58	46	61	44
11	67	15	66	21	58
38	46	43	51	46	60
14	37	15	39	16	39
58	62	66	62	76	54
67	62	77	60	87	61
23	34	27	37	33	27
46	50	54	43	57	42
9	36	10	37	19	39
9	54	19	50	29	45
44	42	48	44	52	40
7	51	17	59	22	59
21	59	25	52	32	50
45	30	54	37	64	29
37	53	41	47	49	44
13	64	19	54	20	59
44	46	51	36	58	26
58	65	65	58	69	65
69	42	74	47	79	41
40	69	47	73	55	65
8	66	16	59	22	63
2	54	5	60	14	60
46	39	48	37	58	45
63	45	72	35	90	15
33	56	38	66	45	76
50	70	59	60	77	40
68	69	75	63	82	65
21	67	29	67	37	73
8	39	13	47	18	51
24	45	29	39	39	46
48	57	57	50	62	56
6	37	15	45	23	38
38	68	48	72	58	78
34	49	44	58	45	63
42	62	43	65	51	60
18	39	22	41	32	51
3	59	4	49	10	56
31	70	36	76	37	81
14	48	17	42	18	52
29	70	32	70	41	73
50	67	52	63	60	55
54	50	63	49	73	55
56	59	65	52	71	43
55	68	60	59	61	64
52	57	58	60	60	68
6	41	11	46	18	53
67	35	75	33	77	29
19	44	23	47	29	46
69	61	72	70	76	63
59	60	68	50	77	42
32	65	37	69	40	75
58	63	65	70	70	67
22	54	23	53	28	57
36	41	45	33	52	23
27	42	31	34	34	25
34	43	44	50	51	40
68	69	70	62	79	54
12	48	18	49	23	40
42	52	49	61	57	67
35	38	43	37	46	33
18	59	25	66	39	80
38	43	46	52	55	60
15	64	24	66	42	70
61	66	65	62	73	54
28	59	31	56	36	61
64	58	73	63	83	68
46	46	51	54	54	58
10	39	18	37	25	35
56	69	66	75	71	81
17	32	20	28	26	25
62	42	66	51	70	60
46	48	58	46	64	45
68	40	72	40	74	40
59	68	63	63	65	68
11	53	21	47	26	44
26	49	30	54	33	63
39	35	43	39	47	36
23	32	30	42	38	37
28	63	30	58	32	66
61	39	70	38	72	47
35	30	39	23	45	19
57	61	69	53	75	49
59	51	65	41	68	36
36	69	46	57	51	51
31	40	32	37	39	45
22	63	27	66	36	57
39	69	49	63	55	53
45	54	54	62	58	64
61	37	66	37	76	37
42	41	47	50	54	59
70	47	80	46	81	45
49	52	51	47	55	50
57	57	60	56	64	52
32	55	33	47	43	40
19	44	20	46	27	46
14	54	18	62	27	54
23	62	25	69	28	68
44	41	49	47	55	43
57	30	61	31	64	36
14	59	21	57	23	60
5	49	11	51	14	47
60	62	63	54	71	53
6	33	15	36	17	42
41	53	49	49	53	47
10	32	16	30	17	37
40	62	50	55	54	45
68	39	69	37	75	32
8	56	17	62	27	69
34	66	37	60	46	61
56	59	65	69	74	61
20	59	27	50	29	54
25	70	35	68	37	62
29	34	36	24	46	24
65	51	75	42	80	47
37	59	42	52	44	61
66	63	74	70	76	77
64	60	72	52	76	56
43	66	53	64	59	73
13	58	23	55	33	62
19	68	22	75	25	75
21	64	24	63	31	61
56	34	66	24	67	33
58	52	66	61	76	61
9	38	14	44	15	49
55	32	59	35	61	32
5	67	15	63	21	64
41	64	45	61	53	55
31	46	36	55	41	64
49	36	53	46	55	51
45	44	52	47	53	38
60	54	66	58	74	61
7	46	17	50	23	47
28	38	35	29	39	34
17	36	19	26	24	21
2	44	11	42	17	51
22	57	26	60	34	67
21	55	27	58	33	61
18	35	28	37	35	33
44	48	48	51	52	48
6	31	7	26	8	25
7	52	10	51	17	60
66	51	73	48	80	45
12	66	21	62	29	56
1	65	11	70	15	68
41	40	42	35	48	41
12	54	20	46	21	44
48	67	56	63	57	65
14	42	22	33	31	29
17	36	23	35	26	38
48	68	58	80	63	86
1	41	3	34	7	20
30	43	35	37	45	32
12	46	18	41	28	47
50	68	58	61	63	67
39	70	46	65	56	69
6	67	12	68	18	78
8	42	15	34	24	33
27	59	35	54	43	49
33	33	37	43	46	53
62	43	70	53	86	73
50	33	53	23	58	20
5	54	11	45	18	46
69	36	76	44	79	51
7	70	9	71	10	73
18	61	20	66	24	62
14	66	15	57	19	54
61	48	64	57	68	60
50	32	59	42	61	50
7	47	12	50	22	56
57	64	61	61	64	56
56	41	63	48	73	48
17	51	27	54	35	64
38	59	42	64	45	63
7	49	13	48	19	47
2	37	12	29	22	21
13	47	21	57	23	59
28	53	30	60	37	66
19	35	29	37	30	43
49	63	51	61	55	52
15	44	16	44	23	42
8	53	12	55	19	63
37	62	45	53	61	35
60	67	62	63	64	59
41	50	47	52	54	59
24	37	27	28	30	18
1	36	7	38	13	36
25	36	35	34	36	35
47	42	49	46	52	44
7	49	9	56	17	47
61	43	71	40	79	37
48	44	54	40	62	37
23	54	26	48	29	50
62	70	66	73	72	75
48	62	56	71	60	67
60	40	61	40	63	39
67	50	71	60	72	52
62	50	68	56	74	55
24	37	32	47	40	40
39	45	44	35	45	40
25	33	33	33	35	34
34	51	41	60	46	58
21	64	23	70	32	66
5	46	10	46	14	53
9	31	19	29	23	35
30	46	33	47	43	50
47	42	48	50	50	66
19	52	22	46	24	45
21	58	24	68	32	72
25	49	32	50	39	51
19	65	23	73	28	82
46	46	49	45	50	47
10	54	18	60	27	69
17	60	23	56	30	51
36	37	40	37	42	30
28	34	33	44	36	50
63	53	72	49	75	47
54	55	64	53	67	57
10	63	16	53	23	43
15	67	25	59	30	49
35	54	44	59	46	55
11	47	12	44	21	41
40	69	42	74	47	73
20	53	30	48	38	52
47	61	49	65	53	75
2	34	9	29	14	19
28	63	35	73	42	73
68	70	72	73	78	72
2	43	7	37	14	45
46	48	53	48	57	44
60	31	65	32	70	28
54	35	57	43	59	33
55	63	56	67	62	61
54	62	55	72	57	77
26	41	32	46	38	51
9	69	19	61	21	53
19	38	22	34	27	41
62	56	69	62	83	74
39	33	42	31	45	29
53	36	59	30	64	37
66	53	73	61	82	64
54	59	60	68	66	64
50	65	57	64	65	62
40	31	42	31	50	39
11	65	16	65	20	65
17	32	19	35	20	34
58	51	62	54	72	64
22	58	30	48	35	55
37	35	41	32	49	39
61	38	66	40	75	31
57	58	65	57	75	60
37	61	46	66	56	69
12	68	17	75	24	79
66	40	69	44	76	41
23	33	24	42	34	39
70	49	76	49	78	55
25	64	32	54	35	53
19	37	27	41	32	48
32	43	40	51	43	57
49	30	57	24	60	28
32	48	36	41	45	35
30	46	38	48	48	58
63	50	66	41	72	41
10	67	17	68	18	73
58	67	67	70	75	61
51	51	57	58	64	65
66	45	69	35	75	15
57	51	63	43	71	37
22	52	30	55	46	61
66	54	75	62	80	55
17	36	26	41	36	49
36	38	44	35	50	30
59	42	63	46	65	46
36	37	44	45	60	61
25	47	26	40	31	34
64	56	72	63	78	71
9	34	13	31	14	33
7	42	12	36	16	40
52	70	54	77	57	82
6	60	13	70	17	68
14	60	19	66	22	75
29	36	33	42	35	49
10	34	20	29	26	39
46	41	56	34	58	44
25	58	29	48	31	55
39	32	44	40	54	56
23	64	32	54	34	62
66	56	73	61	87	71
42	52	51	52	56	45
52	32	53	41	58	50
25	54	31	54	37	54
67	64	75	70	84	62
46	34	56	24	64	32
60	44	70	44	71	52
23	41	25	49	29	44
28	43	34	36	40	27
53	59	54	60	58	70
44	43	64	35	74	31
45	70	46	60	52	53
45	53	52	61	57	69
19	61	24	68	26	74
7	56	16	66	24	75
49	68	51	70	60	62
29	63	34	64	39	56
14	42	18	60	20	69
2	64	8	57	11	63
38	44	40	35	44	17
22	68	23	67	30	70
20	65	25	75	35	80
3	67	4	71	8	65
40	65	43	55	51	45
2	32	10	29	18	26
63	70	64	72	70	76
62	36	65	38	74	38
4	55	14	54	15	56
53	32	62	31	72	33
18	62	25	64	35	65
4	44	9	50	16	50
28	70	35	62	42	54
23	46	24	42	25	41
11	67	14	60	21	51
44	45	50	35	60	44
1	40	6	43	10	34
25	33	27	29	34	33
60	60	64	55	70	52
10	58	14	61	20	61
2	31	9	32	13	30
11	58	18	54	22	49
58	70	76	82	85	88
54	55	56	61	61	62
62	53	64	63	68	83
54	43	59	45	60	42
66	58	67	61	68	53
61	42	65	41	73	35
54	46	58	53	65	58
31	53	35	57	45	64
33	61	38	53	45	45
5	53	11	60	14	59
40	64	48	56	54	54
66	47	74	37	81	46
9	33	19	33	23	28
39	34	43	32	44	40
58	44	68	48	71	51
52	45	58	53	63	58
24	70	25	71	28	73
34	69	38	78	40	83
53	50	61	40	67	36
6	43	10	35	13	25
50	65	57	63	62	59
8	64	17	58	20	52
27	34	35	31	45	26
62	68	71	78	76	85
47	68	52	63	58	57
7	58	13	64	17	57
47	40	56	43	58	35
16	45	24	49	32	48
66	32	71	39	76	38
64	56	74	55	84	65
29	51	35	46	37	36
48	42	52	36	60	24
32	53	39	54	48	59
11	55	13	64	23	68
53	54	62	48	64	41
58	64	61	62	68	61
19	61	20	63	28	58
25	63	29	73	32	63
55	54	69	38	76	30
33	33	35	26	37	27
45	59	50	51	52	47
63	64	64	60	66	59
29	61	35	55	45	47
3	40	9	36	12	42
13	56	23	49	25	47
45	56	48	53	58	61
65	47	68	41	78	31
22	39	32	30	37	30
33	69	42	71	48	72
15	70	17	75	18	70
10	70	19	76	22	73
57	39	58	31	66	41
30	61	31	69	41	69
48	47	56	40	60	46
32	70	38	74	46	71
17	38	20	31	22	32
51	61	56	64	62	58
16	33	25	39	43	51
32	53	33	55	42	57
26	40	32	38	42	40
13	52	22	56	30	65
68	57	72	57	81	58
17	66	24	75	31	84
51	57	52	61	56	62
21	49	24	40	32	49
43	57	46	49	50	56
34	67	42	58	43	48
9	44	18	44	28	36
37	39	39	49	42	50
35	65	38	59	47	52
41	53	47	49	49	43
53	40	60	34	66	29
8	64	14	57	23	60
31	32	33	23	37	32
3	38	12	48	21	45
56	61	59	62	69	61
68	59	76	65	79	75
2	31	3	29	9	32
36	65	39	57	42	64
5	57	8	61	17	51
6	67	13	63	15	66
25	30	29	29	39	35
12	42	18	32	26	42
63	54	68	49	74	54
3	46	4	54	14	51
9	44	10	53	11	63
61	45	68	38	69	48
26	36	33	44	34	41
22	54	23	47	32	56
43	69	49	65	54	62
68	59	69	49	70	40
17	53	19	43	27	50
18	67	19	71	29	65
53	35	61	42	69	49
18	47	19	54	25	56
29	47	36	54	37	49
5	31	15	24	16	15
25	31	31	34	36	26
16	54	20	48	30	47
58	70	61	76	63	81
58	64	60	59	68	65
50	32	56	37	66	43
26	34	28	42	33	45
59	34	66	28	75	34
4	66	8	61	12	53
14	61	18	62	22	59
38	68	43	68	50	60
63	58	72	57	81	56
70	60	76	51	85	61
47	36	50	36	57	39
13	43	22	40	24	36
22	37	24	41	26	44
12	37	18	43	21	47
33	66	37	67	41	74
26	41	36	48	37	38
39	52	44	47	52	54
40	60	44	64	48	74
69	45	76	45	86	40
32	62	41	66	46	57
62	35	71	44	78	39
46	50	52	52	64	56
63	35	73	42	74	49
27	67	31	64	32	69
8	61	15	62	19	68
48	55	54	60	61	65
24	66	26	74	28	81
22	60	32	67	39	62
69	33	74	34	84	34
62	37	72	37	73	30
38	46	40	40	42	33
2	66	7	57	17	51
2	59	10	65	15	64
37	60	39	64	41	68
32	58	35	56	37	60
55	43	64	45	70	37
68	38	69	38	70	33
61	49	64	53	70	57
1	56	11	56	20	64
23	62	24	64	27	55
48	38	50	28	54	33
23	60	30	65	40	66
16	52	23	54	37	58
55	57	65	48	72	43
45	47	55	55	63	49
13	41	14	45	16	55
48	67	51	73	60	70
7	39	11	29	14	25
1	52	2	47	4	56
64	70	72	62	88	46
30	69	40	79	44	89
7	61	15	57	24	66
39	37	45	45	50	53
12	59	22	58	23	48
54	68	59	72	60	78
10	66	14	68	17	77
17	60	25	53	33	46
39	59	49	75	54	83
39	40	43	50	46	46
44	43	45	38	54	43
21	46	22	39	25	32
20	68	22	62	32	69
10	31	30	33	40	34
60	44	64	53	74	55
10	64	20	70	25	60
42	36	62	26	72	21
53	41	63	36	67	31
50	50	60	42	63	40
24	69	32	60	37	64
7	48	8	45	14	55
69	70	70	73	76	65
41	31	43	24	50	17
46	52	55	43	56	41
45	56	54	66	62	66
58	62	68	65	71	69
36	58	41	63	44	60
65	63	75	68	81	66
64	50	67	49	73	48
24	64	31	61	37	56
17	47	23	52	28	54
60	60	64	53	65	56
59	39	61	44	63	49
22	58	25	66	28	70
61	58	65	51	67	50
28	34	38	38	47	46
53	50	57	41	66	35
43	50	50	50	56	52
51	37	60	46	70	46
4	69	14	79	16	81
9	42	10	41	19	44
15	48	24	49	29	46
15	53	22	48	31	39
65	66	73	70	77	60
38	55	39	59	46	54
13	56	14	56	24	54
51	48	55	48	59	48
60	45	63	50	67	50
14	46	20	58	23	64
60	57	66	62	75	69
54	30	56	33	60	39
30	36	37	28	39	27
26	65	35	56	37	52
20	41	23	38	31	31
36	65	45	60	54	62
67	63	69	69	70	72
58	54	67	63	68	73
27	70	36	70	42	70
26	49	35	55	38	60
65	42	73	49	76	56
30	31	38	29	45	39
48	41	51	42	60	50
36	44	40	52	44	60
34	53	37	48	45	51
22	59	23	68	24	77
67	69	68	60	77	61
48	37	54	32	59	40
29	68	34	78	44	87
66	48	72	40	82	36
26	53	29	56	36	61
39	52	42	61	51	59
21	35	31	37	40	34
26	62	28	62	30	55
36	64	46	54	49	50
44	61	51	57	53	66
28	34	29	42	35	38
22	36	28	39	38	39
56	49	58	39	64	47
50	54	60	44	62	39
27	58	30	62	35	62
47	58	54	68	63	76
48	40	52	34	61	29
21	53	25	60	26	67
37	46	46	50	55	54
66	49	69	59	75	69
9	62	14	52	22	42
2	43	8	50	11	40
6	34	16	41	21	45
11	42	20	37	38	27
19	38	21	36	29	43
49	51	50	46	59	56
48	37	54	47	55	57
60	44	63	36	65	32
69	50	76	55	86	54
57	55	59	57	64	63
40	41	47	34	52	38
68	38	77	40	86	30
62	54	65	52	71	48
2	68	8	73	14	68
40	56	44	64	47	69
5	58	15	54	21	53
21	34	23	24	28	30
1	67	3	76	8	74
25	66	30	67	35	60
40	54	48	52	51	49
64	68	66	75	75	76
59	33	67	38	72	36
51	59	61	60	65	58
56	36	64	40	67	37
36	35	43	40	48	43
69	56	71	48	75	32
37	63	45	69	55	75
60	65	68	72	78	81
8	62	12	54	18	48
24	69	25	59	26	65
53	33	62	32	67	35
70	37	80	30	85	22
45	37	53	45	59	53
13	32	14	22	21	29
60	67	68	61	69	51
55	48	59	40	63	50
43	34	53	26	55	22
54	51	56	55	65	56
3	65	8	66	16	59
19	49	29	42	30	46
52	38	60	45	70	40
67	50	76	51	82	47
27	34	32	25	37	17
41	51	47	56	55	50
44	30	54	27	61	36
24	69	33	59	36	63
26	39	27	30	36	31
25	55	26	63	32	61
48	35	50	28	51	21
35	68	38	65	42	61
11	37	12	28	17	26
21	68	28	62	35	60
29	32	34	27	40	19
59	39	68	42	74	45
22	49	30	57	33	64
31	34	40	28	49	22
27	37	32	47	36	53
7	65	15	56	31	38
28	43	38	36	48	45
24	70	32	79	37	78
5	69	14	71	24	72
20	56	24	65	33	70
56	47	57	51	64	41
62	49	71	48	73	42
28	59	33	62	43	55
9	68	11	58	15	65
47	33	50	25	52	18
40	63	43	64	48	68
35	60	37	53	39	46
62	67	71	63	81	65
48	50	57	54	61	48
16	46	22	42	23	32
59	66	62	57	67	57
45	37	55	44	65	51
17	60	25	70	27	72
62	32	71	34	76	28
68	33	74	40	82	35
4	31	10	25	15	16
4	42	13	49	17	56
34	41	40	32	45	28
54	46	61	40	64	32
39	48	41	56	49	50
51	57	59	51	65	47
53	36	61	43	65	51
55	42	63	42	73	49
44	36	45	31	55	39
61	54	71	54	78	50
44	67	53	72	54	70
17	66	21	56	24	57
11	61	15	67	19	62
35	53	45	45	49	39
40	62	44	70	50	64
28	68	36	61	41	52
20	58	23	55	27	54
59	40	67	44	68	34
24	56	31	48	33	40
8	58	10	62	12	66
53	63	60	65	69	58
16	65	23	70	24	75
52	51	59	44	65	38
5	42	6	32	9	41
13	30	15	34	16	44
2	45	4	55	13	63
33	55	43	64	48	74
41	37	51	46	53	47
37	55	43	59	46	59
60	70	61	60	69	53
12	55	15	59	19	62
49	64	51	66	61	59
59	66	67	68	72	65
53	56	56	56	60	61
43	56	52	58	61	67
40	63	43	61	52	61
55	42	56	49	60	46
7	43	12	33	21	43
68	69	71	67	80	60
13	35	23	26	26	26
7	52	9	47	18	37
25	30	32	40	37	45
23	70	29	70	39	75
60	70	70	72	80	74
43	36	45	41	46	49
1	61	4	66	14	76
43	68	49	67	54	66
60	35	64	36	68	41
18	52	20	55	26	61
14	69	34	63	44	60
36	52	38	59	40	66
39	70	49	69	59	69
14	60	19	65	20	69
6	61	8	52	11	49
7	47	15	50	25	59
5	42	12	43	13	41
48	43	49	46	50	50
43	36	47	40	50	38
53	43	55	48	62	54
40	68	48	67	54	67
31	68	34	60	38	58
30	36	35	34	45	30
35	40	40	49	48	50
23	70	29	76	34	78
8	46	12	40	17	34
13	39	15	41	25	31
23	36	30	33	40	43
22	38	31	48	32	38
32	51	37	58	45	66
1	57	4	53	9	48
2	62	6	58	12	60
59	47	64	57	71	60
15	49	18	55	20	50
51	39	59	44	61	37
35	50	36	46	44	47
28	50	35	45	40	44
7	34	16	36	25	38
56	37	66	37	69	47
21	53	27	55	31	53
25	67	29	71	38	62
57	70	63	71	71	77
45	34	55	26	64	34
22	38	28	39	36	48
58	34	59	44	60	36
13	39	15	34	18	30
15	52	25	62	27	72
33	52	38	56	44	64
51	34	53	24	55	15
62	59	68	69	75	79
62	55	71	54	77	45
46	54	52	46	62	41
39	50	43	47	46	55
10	34	13	33	16	32
23	63	28	73	33	63
41	68	48	62	58	68
5	51	12	60	14	67
23	39	26	42	31	34
53	50	60	60	64	55
59	34	65	40	75	38
43	53	44	59	49	63
43	69	46	67	50	75
42	30	46	40	55	31
32	52	38	66	41	73
16	46	17	39	19	38
51	56	53	63	55	70
42	35	46	31	52	41
55	39	56	33	58	24
68	36	78	44	79	52
13	38	17	30	25	39
20	69	21	69	31	68
48	67	55	70	61	63
70	42	79	40	81	32
39	54	42	62	44	67
66	60	69	58	70	59
20	35	27	35	34	37
18	49	21	44	29	48
63	56	71	49	80	54
26	64	33	69	41	74
12	51	15	56	22	46
13	50	22	55	28	63
9	48	16	44	23	40
3	33	8	27	11	33
64	41	65	46	74	53
6	68	7	69	8	73
51	35	60	34	63	41
17	46	27	45	34	40
6	42	16	46	25	53
63	55	65	61	69	73
15	37	25	28	29	24
23	68	30	74	40	84
48	66	49	62	52	64
1	56	2	63	4	71
58	51	65	54	71	57
5	70	15	64	19	56
10	44	13	41	22	39
70	47	79	39	80	37
38	38	41	32	46	40
30	45	32	45	36	48
64	64	65	66	71	65
20	42	25	50	30	45
8	49	14	56	17	64
56	67	57	68	60	64
69	52	78	57	96	67
7	53	15	54	21	63
18	66	26	63	42	57
47	42	49	44	59	35
6	34	12	25	22	20
11	42	19	44	27	49
53	51	55	61	64	57
20	67	29	71	39	74
29	32	34	26	39	36
69	57	76	56	80	62
66	35	69	29	72	22
56	30	63	39	71	49
15	70	19	76	26	86
18	40	22	45	30	37
61	53	67	59	73	60
54	58	59	55	64	48
3	60	7	62	17	66
48	57	55	63	64	73
62	49	67	53	68	54
31	40	35	58	37	67
31	41	40	40	42	46
15	51	16	43	24	42
13	67	22	77	29	79
63	38	64	41	69	44
42	50	44	54	50	58
28	49	31	46	32	47
26	59	30	59	36	57
37	54	39	59	48	52
5	60	13	61	15	64
2	37	7	39	15	44
32	54	39	60	40	50
35	66	37	67	40	68
64	59	84	41	94	32
24	60	29	66	39	74
24	51	33	59	41	62
6	70	11	80	20	73
40	64	47	54	56	46
9	49	15	50	18	44
50	56	59	55	61	48
69	35	73	29	79	38
64	67	74	57	78	55
64	32	72	37	80	47
4	50	8	44	13	43
25	55	30	52	40	48
51	42	60	44	63	41
40	67	46	61	55	58
43	48	50	54	52	53
45	35	55	44	60	53
20	45	27	46	28	47
53	51	55	44	62	52
41	56	42	56	43	56
14	64	20	69	29	65
12	59	19	50	24	40
39	59	46	55	55	48
65	51	72	58	78	51
34	46	39	37	44	41
38	39	47	30	56	21
42	62	48	54	54	46
14	31	24	28	34	23
63	40	66	50	69	45
3	57	12	51	16	61
14	30	23	37	28	39
18	35	19	35	23	40
2	52	8	47	10	40
59	39	60	48	70	39
65	49	68	40	71	41
3	48	9	58	21	78
46	35	49	34	59	34
2	35	5	45	7	52
26	61	34	69	39	69
23	56	31	55	32	49
69	33	70	28	75	38
50	40	57	35	62	29
56	43	60	34	65	38
19	69	26	72	28	67
34	67	35	63	39	66
4	58	12	48	21	51
36	30	43	33	46	23
24	56	28	57	34	66
9	42	16	47	24	52
25	37	35	31	41	34
45	54	46	59	47	53
68	66	78	71	88	76
10	40	17	46	31	58
22	68	31	59	35	51
31	36	36	40	45	44
56	58	65	55	66	55
68	36	73	40	78	40
7	33	8	26	12	34
57	40	63	44	68	36
43	35	47	36	50	43
31	38	34	28	37	38
55	69	60	66	67	61
4	47	10	44	18	45
31	54	38	64	42	74
3	38	5	35	9	29
46	66	54	59	56	67
3	42	5	39	14	46
39	58	48	52	53	48
70	54	77	44	87	34
53	60	56	50	66	57
11	43	15	47	24	39
10	60	13	69	19	72
24	62	34	68	38	68
21	38	23	41	32	33
39	67	43	63	44	66
26	52	32	50	34	57
61	44	62	52	66	43
68	52	71	50	75	50
10	70	11	78	21	73
58	52	65	54	66	60
18	38	22	48	29	55
60	52	68	51	76	50
42	45	44	53	51	45
16	52	21	53	24	54
4	63	9	58	13	54
51	43	60	41	67	45
21	48	24	46	34	51
31	65	39	75	48	76
49	70	58	75	60	74
3	38	9	36	17	39
4	70	9	78	14	68
8	40	10	49	19	51
66	49	69	51	77	60
24	52	31	42	34	44
17	39	18	34	19	34
63	46	65	44	70	50
53	42	62	44	71	52
53	69	61	61	69	58
31	39	40	43	45	42
2	59	9	67	16	75
3	32	5	26	8	19
42	39	51	38	55	43
35	40	38	33	42	26
33	37	36	41	37	37
52	53	54	58	62	57
48	58	60	40	66	31
9	37	19	35	39	31
38	45	48	52	56	49
38	53	48	61	57	55
50	65	57	69	64	72
7	63	12	67	18	73
40	41	52	57	58	65
43	44	47	50	57	44
3	49	9	43	18	42
50	40	55	35	61	28
31	53	37	46	39	48
68	42	73	52	79	59
25	65	34	57	39	65
44	30	46	33	48	23
22	60	25	53	27	62
55	63	62	56	69	64
12	41	15	32	22	27
28	33	30	30	34	34
40	32	46	39	52	35
40	44	48	47	57	50
5	63	15	64	25	66
51	49	57	48	65	57
46	64	55	73	64	82
16	60	18	57	19	59
42	67	47	65	55	67
23	41	26	47	30	39
59	54	69	51	77	49
65	51	85	61	95	66
25	42	26	44	34	41
61	63	66	56	74	50
42	45	51	36	56	28
27	36	33	56	36	66
47	57	57	57	61	48
31	30	37	33	43	43
36	31	45	36	54	37
11	52	14	61	17	70
43	69	44	75	46	72
36	37	44	47	49	50
44	53	53	47	62	47
34	44	36	43	40	49
37	35	44	37	48	38
33	65	41	55	43	62
23	55	33	50	36	56
41	60	42	56	48	65
43	64	47	56	53	66
4	32	9	42	14	52
11	58	13	51	20	55
11	60	14	54	15	44
67	46	74	41	88	31
64	65	69	63	70	65
19	41	27	41	33	33
11	65	12	72	14	79
70	65	77	57	91	41
10	31	20	28	27	22
18	41	19	46	26	36
68	65	69	72	71	81
10	32	20	39	23	49
65	30	74	26	77	16
16	55	21	52	25	55
61	38	65	40	66	50
9	57	17	50	33	36
70	69	80	69	84	64
23	41	26	39	30	29
52	39	59	38	68	33
19	65	26	59	28	69
57	44	58	37	63	30
18	40	28	37	29	42
42	64	52	59	53	49
62	62	66	60	72	56
8	37	11	42	14	41
66	67	69	67	78	58
69	63	71	63	77	65
2	33	12	37	22	27
40	68	48	77	57	80
7	60	14	53	17	57
64	40	72	43	82	48
67	69	77	77	85	77
6	44	7	35	12	37
69	69	75	66	80	57
6	41	10	49	20	41
59	70	60	62	63	61
68	35	69	37	71	33
29	64	30	54	31	47
21	52	24	61	32	66
48	63	49	71	53	64
25	35	35	30	45	25
1	64	7	70	10	75
47	47	50	55	59	65
38	48	46	41	52	46
20	43	21	48	29	40
5	59	6	64	16	64
32	42	38	51	48	57
18	69	20	63	25	57
64	53	73	57	78	55
37	48	38	53	45	50
52	67	54	69	59	65
10	55	13	46	23	56
27	45	33	35	42	31
11	50	12	43	14	36
60	41	62	50	67	41
2	70	9	70	18	60
66	50	73	56	78	58
7	61	14	53	15	62
30	43	35	45	40	47
21	44	22	37	27	45
25	46	34	46	44	41
15	70	20	67	27	69
54	51	60	57	65	50
43	56	45	65	53	59
42	31	47	31	53	34
49	62	51	68	59	62
30	56	31	53	37	61
59	32	63	33	71	23
53	40	59	45	60	39
67	34	77	36	87	31
52	55	62	46	72	41
70	36	82	22	88	15
54	70	56	79	65	82
67	51	73	42	81	32
33	52	35	57	42	59
7	47	11	46	19	52
53	33	54	34	61	29
68	39	78	47	82	44
14	67	24	59	34	61
31	50	39	54	47	60
40	32	45	35	54	30
31	32	37	26	45	33
23	44	33	44	36	42
36	66	40	74	42	79
42	66	51	62	56	54
13	48	15	46	16	40
61	35	71	40	79	44
10	51	13	43	17	39
12	56	20	47	26	43
12	41	21	48	28	53
64	36	66	28	68	38
54	48	56	51	57	48
26	35	28	34	36	31
57	53	61	43	71	49
59	32	69	36	89	44
16	45	18	55	20	51
28	38	35	36	40	45
57	36	65	33	81	27
8	33	11	38	17	32
68	68	72	62	76	54
17	70	23	63	33	62
44	54	53	64	55	54
63	57	67	58	69	60
10	61	14	69	24	61
33	63	37	62	41	68
57	37	63	29	68	34
35	48	43	48	46	47
18	39	32	21	39	12
8	38	10	34	11	31
12	62	17	63	25	57
6	50	15	48	23	55
46	43	52	41	59	44
15	54	22	51	31	52
42	35	45	25	46	24
50	57	53	53	63	47
53	50	56	60	64	65
63	44	73	43	81	53
14	70	16	80	23	90
27	57	31	57	35	57
46	58	47	67	52	58
8	34	12	33	21	37
54	43	60	47	65	41
49	42	53	42	56	44
57	44	62	41	65	37
47	41	53	36	62	34
62	65	68	56	71	52
25	65	33	67	37	61
28	39	33	48	38	47
53	54	54	50	58	50
3	55	8	47	18	31
58	47	67	46	77	42
32	50	40	55	50	47
19	32	23	24	25	20
56	35	65	33	68	41
36	43	44	39	47	39
9	69	18	79	21	72
59	39	61	35	68	31
59	70	69	63	72	72
49	36	54	39	55	39
10	40	14	35	19	30
22	61	24	54	27	55
63	53	64	63	70	61
24	31	26	35	32	32
56	38	60	37	67	27
70	41	71	45	72	38
14	68	24	68	28	74
41	49	48	55	49	55
15	65	21	71	30	77
40	55	48	55	54	63
22	51	25	59	28	67
11	34	14	27	17	20
45	38	47	42	55	43
63	61	69	61	74	55
1	55	2	49	6	55
63	41	67	39	77	46
46	34	56	32	63	28
21	64	22	56	23	47
9	66	15	63	19	71
36	61	46	54	51	57
66	61	69	66	77	76
47	61	49	56	58	61
56	40	58	44	66	46
28	56	29	62	39	63
24	39	30	23	33	15
26	32	35	29	39	21
33	35	38	27	43	20
50	51	59	50	67	40
38	35	41	45	47	65
8	43	14	50	20	45
24	59	26	64	36	66
23	40	27	49	30	55
30	63	32	69	38	71
58	68	65	66	71	70
10	54	16	44	18	39
69	54	71	46	72	38
20	67	23	70	33	76
36	30	37	34	44	24
55	44	59	44	69	50
47	31	57	24	63	29
17	47	24	46	29	39
2	54	10	55	19	58
42	51	46	54	49	50
16	37	22	31	26	39
63	48	68	51	69	51
41	36	44	31	53	25
55	30	65	35	67	31
35	41	41	32	46	24
19	35	22	25	25	15
10	35	14	44	23	36
2	44	3	41	7	32
32	36	39	35	41	36
28	37	38	38	44	36
22	30	23	25	29	21
45	36	46	38	47	31
10	66	12	57	16	64
8	69	16	70	24	62
67	40	71	45	79	51
24	63	26	67	30	75
58	70	64	77	70	84
35	41	38	46	42	40
49	38	58	32	59	39
62	57	71	61	81	57
25	62	30	53	31	55
52	34	61	43	70	40
33	56	40	64	41	57
35	41	44	39	45	41
10	33	19	42	28	52
34	39	41	31	48	36
7	40	10	50	15	47
2	65	11	63	13	62
36	32	43	40	44	42
3	68	13	70	17	79
29	47	45	67	53	77
28	31	34	30	40	25
9	38	10	39	12	41
20	69	24	79	26	81
25	32	26	27	30	18
31	54	33	45	38	49
33	49	43	43	49	48
34	63	44	62	46	69
2	39	3	38	12	33
23	59	27	51	32	58
36	61	46	53	47	44
35	58	43	65	52	66
17	34	26	42	35	50
29	45	30	48	37	47
10	60	17	52	18	61
68	32	78	29	80	35
37	51	40	54	50	58
7	55	13	49	16	40
9	35	13	39	20	40
53	56	60	60	70	67
12	69	17	78	22	79
60	55	61	63	69	66
9	63	18	54	27	63
66	51	73	58	76	58
62	32	72	38	81	43
46	59	54	77	58	86
20	51	24	57	33	65
44	63	52	65	54	74
17	48	25	39	28	29
68	52	69	44	78	53
34	34	40	26	46	18
40	46	43	54	50	51
11	32	20	29	30	38
48	37	52	32	57	33
23	69	26	73	36	82
11	59	14	59	23	68
58	64	67	64	77	56
64	54	72	64	82	70
21	56	24	55	32	49
32	56	38	46	41	41
1	43	7	50	9	40
61	44	66	49	72	47
29	44	35	48	36	41
60	33	70	23	71	27
26	37	33	32	39	37
41	48	50	58	60	66
67	34	73	36	77	43
7	54	13	61	16	62
18	33	27	26	31	28
12	31	17	31	24	33
64	34	72	41	75	41
69	60	74	68	83	75
42	40	47	35	49	27
27	56	36	52	45	48
55	32	56	24	63	18
13	50	21	60	22	51
19	43	23	38	28	44
40	62	41	56	47	56
37	48	47	48	57	57
64	33	68	25	75	16
7	39	12	31	13	38
3	39	9	30	15	40
20	35	29	29	47	17
47	31	56	31	65	31
11	44	21	34	24	39
9	49	12	51	18	49
32	49	33	46	36	44
63	55	66	54	76	63
31	32	37	41	43	50
29	58	38	61	46	60
54	60	62	58	70	63
4	37	5	37	14	40
18	60	25	61	28	68
48	47	55	51	59	50
53	58	57	68	65	69
12	66	21	70	24	77
19	39	20	47	26	52
68	50	69	43	76	37
22	45	30	36	38	27
21	49	28	50	29	41
6	64	14	71	15	81
29	37	36	43	45	48
56	37	59	43	61	40
60	51	62	53	72	52
56	38	62	40	67	46
9	47	12	38	19	38
9	52	19	56	25	63
21	68	29	68	37	75
22	33	25	27	31	25
69	44	71	47	75	53
48	60	50	70	51	75
66	59	73	52	83	51
8	50	18	56	21	62
59	63	67	73	71	65
4	35	8	41	11	42
58	52	62	42	67	49
36	43	42	39	49	48
10	59	13	50	19	40
61	46	62	54	66	59
41	62	45	70	54	77
67	61	76	56	86	61
34	58	41	54	43	57
30	55	46	73	54	82
67	35	70	27	72	19
66	52	68	50	76	42
13	68	18	74	25	70
28	59	32	60	34	52
12	36	19	46	23	45
58	56	65	53	74	59
65	68	68	66	71	64
53	49	60	59	70	53
39	47	48	48	58	58
55	46	61	45	65	48
25	42	34	41	43	41
33	61	35	54	37	47
15	57	21	60	23	53
55	46	60	38	67	45
44	52	56	64	62	70
37	46	38	52	40	45
28	33	31	39	38	47
19	34	21	42	24	36
47	69	50	73	57	83
38	68	44	64	47	68
58	50	66	42	67	42
49	60	56	65	64	60
37	43	44	43	48	52
30	51	32	58	34	52
12	47	17	55	20	50
42	36	50	35	58	37
16	66	26	76	34	77
42	66	51	56	59	55
69	65	72	63	75	57
22	52	31	52	32	52
12	55	13	64	17	60
45	48	54	42	61	49
38	49	47	50	56	56
21	48	22	51	26	48
25	58	30	67	35	76
31	41	47	23	55	14
13	43	18	41	23	43
67	61	73	51	74	45
22	65	26	55	28	64
21	41	22	39	30	42
9	40	19	45	20	49
21	65	22	73	31	63
11	41	12	41	17	38
41	35	49	41	54	34
4	58	14	66	24	68
36	30	39	37	45	35
1	40	3	30	13	22
2	40	12	32	22	24
39	35	41	45	47	45
17	36	19	46	29	44
46	40	55	44	65	53
40	65	46	71	52	62
3	48	4	54	11	54
26	47	29	42	39	41
60	42	62	48	68	57
53	41	56	41	60	46
19	31	21	41	26	42
50	42	53	36	59	24
20	63	26	61	36	60
50	52	55	42	65	34
20	37	28	32	31	37
7	46	8	41	14	49
11	30	31	32	41	33
15	68	22	76	25	84
20	59	22	53	23	50
66	51	70	60	71	53
13	47	18	39	23	41
40	52	45	51	49	59
24	66	34	57	38	50
27	44	36	54	38	55
43	70	44	73	49	71
37	63	45	53	49	51
13	57	21	62	27	69
45	55	54	57	64	50
5	43	7	49	8	46
39	67	48	77	53	74
7	33	8	40	16	50
48	55	51	49	58	46
27	49	28	59	31	62
33	40	36	39	37	34
54	31	62	34	67	29
38	39	46	40	49	38
50	44	56	42	66	38
31	41	41	34	49	34
58	58	62	61	69	54
41	39	47	48	48	45
18	69	23	76	26	82
65	33	66	38	76	31
54	61	59	57	67	66
38	52	48	57	51	53
9	67	14	59	24	43
14	42	20	39	25	43
63	54	67	62	75	52
58	48	60	50	64	48
50	47	56	39	57	39
56	36	62	39	63	43
33	42	35	34	36	39
65	64	66	71	67	78
22	57	31	65	37	65
34	65	35	59	40	53
8	48	16	43	23	39
25	35	26	34	29	38
56	54	61	49	70	57
9	53	16	49	22	40
42	66	51	69	60	60
34	37	43	42	53	34
38	44	43	54	52	61
20	55	30	59	33	68
61	33	71	43	81	53
54	40	56	46	60	48
22	46	29	47	39	53
42	38	45	35	53	29
22	40	32	50	38	43
44	33	53	38	60	46
19	30	26	24	29	22
63	59	67	57	72	48
46	44	52	42	53	43
70	60	79	59	84	51
22	40	31	44	41	36
14	52	16	48	25	54
39	33	45	31	46	31
53	55	57	65	61	65
19	61	27	56	30	48
32	53	40	55	50	49
57	38	58	37	66	41
47	44	48	43	55	41
45	55	53	56	60	61
55	52	56	61	63	71
37	34	46	26	49	36
30	52	36	61	45	63
30	57	39	59	47	51
66	45	67	52	73	61
47	33	53	23	65	3
10	39	12	36	16	35
15	33	17	35	25	27
25	66	28	63	38	71
42	60	51	55	59	45
53	48	54	57	56	52
14	42	19	41	22	50
60	54	65	56	69	50
55	35	57	39	66	38
34	54	35	55	40	63
46	56	53	55	62	49
41	60	50	53	60	44
12	45	19	50	27	51
23	42	26	52	35	44
50	60	60	64	61	67
66	51	68	45	69	35
28	66	34	60	38	50
16	58	25	54	29	50
26	32	31	28	33	25
69	65	74	73	79	76
60	61	66	55	72	56
28	47	36	56	37	66
5	60	9	60	13	60
40	49	47	57	56	60
29	31	30	28	40	26
26	67	29	58	38	63
68	55	76	53	77	50
65	35	66	32	68	29
27	66	34	69	43	64
26	49	31	50	39	42
11	67	15	59	21	59
59	65	64	67	67	65
64	63	74	63	84	63
70	31	77	30	91	28
60	54	62	50	64	46
17	61	18	66	21	67
4	51	13	44	14	46
4	48	10	47	17	51
10	34	12	42	16	58
45	70	49	73	57	79
21	60	22	57	30	61
34	45	36	38	41	28
62	62	69	63	71	63
62	33	64	41	71	36
37	32	42	27	51	27
48	44	53	40	61	37
34	57	44	61	45	62
59	64	68	70	70	78
47	31	52	29	57	35
24	55	34	65	40	72
32	46	35	40	37	32
31	53	33	51	41	43
15	56	20	60	26	64
23	44	43	24	53	14
10	31	11	36	17	41
28	48	35	50	36	56
16	48	19	58	27	61
10	69	15	64	25	54
13	35	15	31	16	31
19	45	22	44	23	54
21	61	22	69	28	75
56	65	64	74	71	84
1	32	7	31	13	34
18	45	24	41	27	39
51	64	55	70	60	75
69	44	70	45	74	38
28	41	32	39	37	40
19	43	27	53	32	49
3	45	11	45	12	40
67	47	77	41	86	36
46	58	47	58	52	61
69	69	78	59	88	49
37	30	46	29	51	35
69	42	70	51	80	44
60	52	63	51	66	57
44	30	50	32	57	26
30	33	35	24	37	18
29	47	37	45	42	43
28	49	34	52	39	49
29	58	35	50	38	59
69	61	78	70	85	69
17	60	26	61	36	54
9	63	10	62	14	67
40	37	50	31	59	25
26	67	36	57	40	65
47	65	53	63	63	61
51	51	53	44	55	37
63	67	71	62	73	59
41	60	48	58	51	60
58	56	64	64	67	66
67	48	68	47	71	43
46	57	47	64	48	62
2	34	10	34	16	44
9	57	10	48	19	52
63	66	67	74	73	65
32	66	41	75	42	65
6	37	12	46	15	52
37	60	41	66	48	69
55	49	63	63	67	70
54	61	62	70	68	66
40	39	50	40	56	50
4	49	9	42	15	51
26	36	36	28	46	26
47	47	52	39	56	44
22	57	29	50	38	45
22	40	31	34	38	33
22	66	25	72	33	72
44	53	53	51	63	58
57	34	62	43	65	40
57	58	67	63	74	72
64	42	73	33	91	15
26	51	28	48	35	42
48	34	57	39	75	49
23	50	27	49	29	48
3	50	12	44	21	38
68	43	74	49	86	61
24	33	34	37	40	32
66	39	76	35	77	39
44	52	47	54	53	60
67	42	76	37	85	33
60	47	67	41	77	48
26	62	34	72	37	76
70	69	78	77	86	76
30	62	40	55	50	53
55	57	60	55	70	63
58	33	60	24	69	29
53	43	60	38	61	36
24	33	28	43	36	63
30	56	37	47	38	46
42	34	46	36	49	43
13	66	20	73	30	77
48	48	52	57	61	47
31	54	32	52	33	50
46	37	54	27	55	25
46	56	48	46	49	41
56	48	61	50	63	43
53	37	56	30	58	29
11	51	14	44	16	48
70	64	77	57	83	63
2	46	6	41	13	46
70	48	75	51	85	58
1	65	10	73	20	66
9	65	18	65	24	73
43	55	48	61	52	52
55	53	64	58	72	50
6	41	12	34	21	44
69	53	72	63	79	60
39	32	47	41	56	48
58	52	67	50	85	46
16	41	26	34	29	24
3	53	7	50	15	44
58	55	59	48	60	53
58	39	64	31	70	39
55	40	63	45	71	38
54	58	62	49	66	51
61	69	63	67	67	76
54	61	63	71	71	81
69	60	78	57	82	62
55	64	61	65	67	62
65	59	66	50	68	50
20	35	28	44	38	43
36	69	44	59	46	61
67	70	75	76	84	85
9	66	18	57	24	57
3	55	13	62	18	63
44	47	49	51	52	50
63	43	69	38	77	36
53	42	56	52	62	59
19	44	28	37	38	27
23	58	25	57	26	62
40	54	41	51	46	55
39	62	48	56	50	56
24	68	33	64	40	60
4	42	10	39	15	30
45	60	54	61	61	51
49	33	56	26	58	27
40	64	60	72	70	76
70	60	74	53	78	52
36	41	42	51	43	53
64	32	65	35	70	34
45	65	48	57	54	63
35	49	42	52	51	62
63	45	70	46	77	47
48	46	55	49	56	51
56	50	57	45	61	37
26	65	27	56	36	60
1	63	11	59	14	62
2	57	6	49	9	44
17	64	24	62	34	55
70	33	74	40	82	37
2	52	14	40	20	34
47	53	55	49	64	59
55	64	62	57	64	64
10	31	15	34	25	34
2	60	8	59	13	54
70	35	79	43	87	39
46	30	49	35	59	35
11	69	14	60	23	62
70	54	79	45	80	37
59	45	68	48	75	55
50	45	53	51	59	55
1	69	11	69	21	79
55	52	60	60	68	56
37	58	46	68	48	76
45	41	47	48	54	39
41	44	44	43	54	41
45	31	52	41	54	49
58	69	66	60	72	67
48	44	56	37	64	41
48	42	55	39	65	37
14	62	19	56	28	66
47	30	48	38	49	28
22	37	30	44	33	44
70	35	73	43	81	37
52	40	59	50	64	46
13	55	22	58	31	53
25	60	28	50	35	49
10	58	16	55	26	58
46	37	49	31	57	26
54	51	64	60	71	70
40	44	42	36	45	41
28	30	37	33	45	23
40	54	46	56	58	60
38	47	44	45	45	55
42	39	46	30	56	30
40	43	48	33	52	28
40	40	42	38	44	28
24	38	28	35	38	45
42	35	46	41	49	36
5	37	12	43	13	38
2	39	10	36	26	30
61	41	62	34	65	24
53	45	54	35	57	45
47	47	55	48	56	46
35	33	41	36	43	42
23	69	30	59	31	53
22	66	24	75	27	76
48	66	54	57	55	58
42	37	44	41	50	36
14	34	20	31	23	31
30	41	31	39	40	49
38	63	45	60	54	55
14	34	20	41	26	48
51	62	56	59	61	69
8	61	15	62	16	52
18	55	24	58	27	60
5	44	10	40	17	30
1	30	11	31	21	32
45	62	52	66	61	69
54	63	55	58	63	54
40	66	50	68	57	63
31	61	32	64	42	72
55	30	56	22	62	32
58	45	68	48	78	53
39	66	40	62	47	52
9	42	19	41	29	40
14	31	21	21	30	26
69	62	70	55	73	51
53	50	54	60	62	60
62	65	72	62	75	70
46	59	47	63	50	54
55	49	64	47	66	45
54	54	64	50	68	50
44	52	45	56	47	64
23	36	31	40	38	48
24	32	34	32	35	27
68	30	70	31	76	23
9	41	10	32	20	29
2	36	3	46	8	51
44	65	47	57	51	60
49	50	54	60	55	56
43	70	48	75	55	66
63	57	70	51	76	44
64	57	69	53	75	56
11	40	16	37	21	45
54	64	55	62	56	66
13	59	16	57	23	65
14	63	23	68	28	66
59	53	66	59	73	68
53	38	57	37	61	36
10	64	16	70	21	69
51	68	54	77	63	83
68	47	74	49	75	49
65	40	70	43	75	49
30	51	39	60	44	65
26	45	28	47	30	49
5	66	13	71	29	81
54	50	60	50	64	44
11	38	17	30	23	40
68	42	76	38	81	35
2	54	6	52	10	50
47	52	51	59	52	60
10	48	12	39	14	35
68	45	70	53	78	51
56	61	60	59	65	56
52	66	55	57	58	51
42	36	50	36	51	34
37	37	44	31	45	33
45	63	50	62	57	66
56	53	61	61	66	69
28	52	38	62	47	54
26	39	31	37	39	27
20	53	27	47	31	53
8	33	16	36	23	37
57	53	60	56	69	58
69	43	76	49	86	42
29	31	30	22	37	30
16	38	19	40	24	47
32	40	36	36	42	29
46	66	54	67	58	62
18	46	23	42	30	42
4	69	10	73	17	81
26	48	27	50	29	54
37	32	41	32	45	42
54	35	57	36	60	38
68	63	76	58	84	55
28	42	37	44	47	39
21	48	29	58	36	66
14	31	24	37	31	32
64	58	65	67	66	67
39	57	47	60	51	70
54	47	64	39	71	31
50	56	56	55	64	60
55	35	60	41	62	31
44	65	51	65	59	73
54	39	58	44	68	38
43	69	50	67	57	65
15	31	20	30	24	36
55	51	58	58	61	67
10	53	13	56	23	51
66	47	69	52	78	52
12	37	21	34	22	26
41	51	43	47	53	46
17	69	22	79	32	81
3	31	4	26	13	21
45	50	53	45	56	46
26	40	32	42	41	36
3	68	7	69	15	71
50	48	58	54	67	63
10	35	19	26	21	34
67	30	72	20	79	29
62	58	72	55	74	52
70	33	77	38	78	35
12	56	22	57	26	56
15	33	20	32	30	23
2	40	6	43	15	46
54	58	59	65	65	64
5	35	9	28	14	32
26	43	31	49	36	52
43	38	52	41	55	51
58	35	59	45	67	50
67	61	75	59	85	58
67	49	75	35	79	28
47	68	56	75	60	65
12	50	18	43	21	42
17	70	20	63	28	72
30	52	38	50	44	43
46	60	52	60	62	66
62	60	65	56	73	57
32	50	38	44	44	47
68	59	70	68	75	63
27	65	32	60	41	65
53	45	67	45	74	45
25	39	35	47	36	44
68	32	70	25	71	26
49	30	53	32	58	32
35	66	43	57	52	63
50	34	60	38	69	33
51	58	54	59	55	56
23	65	26	61	29	57
58	60	65	51	75	44
60	44	63	51	66	58
32	40	42	34	52	27
3	70	11	62	15	59
54	37	57	37	58	39
62	69	66	77	69	81
50	44	57	43	63	44
3	45	12	52	19	42
60	46	65	36	71	46
48	43	56	34	62	42
21	60	25	62	30	53
44	60	51	56	60	61
57	43	64	48	70	44
39	57	48	47	56	46
2	32	6	22	13	30
45	38	48	43	58	38
47	58	54	52	57	48
1	68	9	84	13	92
52	33	57	34	65	36
43	58	46	54	49	62
12	34	16	44	23	34
63	70	67	82	69	88
11	30	20	21	22	11
1	52	2	57	7	54
44	69	56	65	62	63
23	59	27	63	36	59
53	64	59	61	61	56
12	54	15	47	21	40
69	55	79	58	86	53
12	68	18	74	24	66
31	35	34	41	43	40
13	48	20	58	22	66
3	45	7	39	10	43
7	39	8	36	9	38
63	54	69	56	75	58
52	49	53	47	61	52
57	36	63	44	66	48
39	35	41	28	47	22
30	43	34	37	43	42
28	41	34	33	43	23
35	53	43	62	49	63
38	68	39	64	47	68
31	43	40	33	44	38
28	53	37	63	38	71
37	42	39	38	44	32
40	69	43	60	50	66
29	35	38	43	39	41
67	49	68	59	71	65
70	52	80	43	87	36
44	41	45	31	50	21
26	59	36	67	46	58
31	70	33	80	38	84
59	37	63	39	68	40
31	70	41	72	48	69
61	54	70	60	74	53
54	45	55	47	62	56
39	37	40	38	45	44
8	30	13	36	19	31
52	42	55	51	63	43
29	36	32	37	38	27
56	61	66	52	73	52
57	36	58	44	64	36
42	64	52	70	62	62
7	69	14	59	22	61
2	67	12	59	20	58
17	65	25	61	33	53
11	35	12	44	13	50
23	56	31	63	40	62
57	64	58	68	68	58
17	64	33	76	41	82
26	69	29	68	32	67
7	68	13	70	25	74
14	43	23	46	31	41
47	54	48	45	53	35
22	36	24	30	34	26
24	48	32	57	36	56
67	61	77	66	87	57
29	33	33	40	41	54
43	65	50	75	60	84
21	68	30	64	31	65
60	65	61	69	65	75
50	63	51	60	56	69
63	33	71	30	81	26
33	51	41	48	46	40
1	60	7	59	12	63
38	60	45	70	47	80
4	49	11	57	12	60
61	32	71	30	74	35
26	67	30	65	37	75
6	30	15	34	18	39
24	63	32	57	36	54
30	31	32	30	37	29
11	57	18	47	21	56
13	63	17	65	22	55
68	49	76	43	92	31
4	51	6	53	9	61
68	43	70	51	76	46
39	46	48	53	56	49
13	51	29	61	37	66
18	48	19	47	25	51
70	55	78	45	83	42
45	64	51	63	54	57
46	53	48	61	55	59
61	70	65	77	75	78
36	61	44	64	53	69
65	70	74	78	79	88
24	39	27	31	29	31
63	66	69	68	72	71
45	51	47	43	56	49
7	49	15	41	20	39
42	39	43	44	48	41
53	60	61	61	62	65
61	52	62	55	63	47
32	55	40	51	43	55
55	57	65	52	66	52
47	65	56	61	59	55
54	61	60	69	61	73
64	46	70	40	73	44
43	37	48	29	55	31
7	69	10	79	12	80
49	63	53	57	63	51
60	35	65	39	66	44
19	62	20	70	28	66
48	54	50	45	56	49
58	66	67	70	69	72
42	45	43	39	49	31
4	55	9	60	18	55
13	46	15	53	18	57
15	42	17	32	22	39
19	68	20	58	22	53
29	41	36	45	38	44
69	59	73	62	78	52
34	63	43	66	53	57
5	30	7	28	11	27
49	60	57	66	67	62
8	34	10	40	13	38
42	31	46	25	55	30
8	38	12	44	15	35
19	64	22	61	23	57
68	48	77	44	85	40
50	59	59	56	66	47
69	50	71	49	79	44
38	61	39	63	42	73
20	38	25	45	27	40
42	33	52	36	57	35
34	53	39	51	40	55
25	42	34	38	35	32
48	50	56	49	60	56
37	52	43	51	52	45
28	40	37	37	46	44
15	38	17	29	21	34
63	33	69	42	70	47
42	35	44	44	51	35
2	37	12	47	17	55
4	37	24	57	34	67
34	42	40	39	50	31
45	48	55	48	64	48
57	34	64	33	71	32
8	37	16	31	17	39
67	64	73	67	83	69
32	41	39	48	41	48
23	53	32	52	36	61
11	68	15	67	25	71
22	41	26	36	28	31
55	52	59	53	62	43
38	69	47	59	55	59
43	57	51	63	61	73
65	68	67	74	77	84
70	30	76	22	79	31
2	35	11	36	21	37
68	40	73	43	75	46
45	38	50	42	53	34
44	43	52	51	53	61
68	48	77	49	83	45
38	69	41	71	46	74
48	59	50	69	54	76
57	69	62	66	72	60
28	62	30	66	40	68
70	63	76	54	83	50
7	40	10	32	19	32
66	55	72	63	79	55
12	49	17	42	25	32
52	31	58	25	67	21
62	33	63	43	64	35
40	34	44	29	48	36
13	40	21	39	26	31
23	67	33	74	37	83
16	30	26	27	28	23
38	57	48	48	49	45
27	46	37	48	47	50
39	61	47	66	51	60
39	36	41	28	45	12
64	44	66	43	67	36
28	56	29	63	35	62
17	68	18	78	24	70
57	48	67	41	74	50
36	45	39	52	49	59
18	42	25	32	28	35
64	37	74	34	94	28
62	55	72	49	79	50
8	66	10	61	15	55
62	41	71	31	78	33
69	56	74	66	77	66
63	40	73	47	80	47
63	59	64	69	69	67
26	64	30	73	38	91
32	55	35	64	41	61
63	70	69	65	73	56
15	55	17	53	25	58
70	52	78	43	81	36
44	62	45	53	48	44
19	58	20	56	24	56
65	44	74	35	78	39
51	32	61	36	64	37
6	45	15	44	17	45
13	32	15	27	16	24
66	50	67	59	70	50
14	65	24	56	30	57
52	31	60	47	64	55
13	43	15	52	17	61
52	42	59	48	63	44
56	53	66	58	67	57
62	50	71	48	78	38
32	30	41	27	46	28
43	44	44	50	48	55
63	51	65	48	68	53
13	30	20	22	27	14
22	63	26	64	31	72
21	41	30	40	39	45
13	38	22	48	30	52
69	69	76	60	81	55
19	70	22	65	26	63
55	67	61	66	66	74
44	57	52	47	57	55
69	43	76	52	80	58
60	70	65	66	72	66
20	50	22	40	26	35
21	41	27	39	36	48
22	70	23	67	27	59
48	70	52	65	59	75
64	63	68	81	70	90
24	37	30	27	32	30
49	31	51	32	57	39
39	30	44	40	47	38
43	50	52	55	70	65
34	45	37	42	42	41
2	35	6	25	15	30
41	55	46	61	51	68
27	67	34	60	40	70
52	57	59	52	64	50
23	53	31	44	33	48
29	36	34	45	40	37
69	32	70	25	79	35
33	66	35	58	40	55
32	45	40	41	44	43
5	41	13	36	15	46
53	32	56	42	65	35
43	55	45	60	50	50
48	58	58	65	62	67
54	37	61	46	67	55
56	59	65	68	75	67
60	54	62	58	64	49
53	67	59	74	66	67
42	62	47	60	51	59
62	43	63	53	66	48
65	47	74	54	80	56
6	36	8	43	14	35
19	67	21	57	29	58
65	53	71	47	81	44
20	67	28	77	37	75
35	31	36	38	42	48
43	65	49	65	53	65
29	50	39	53	47	58
60	53	67	63	70	68
17	58	26	64	34	62
62	39	66	51	68	57
23	59	33	63	40	70
61	47	69	44	71	47
45	48	50	55	53	49
26	37	33	41	40	32
37	40	45	47	47	48
10	69	20	73	25	74
57	53	63	62	64	53
31	70	35	62	39	58
38	70	48	79	56	76
13	30	18	27	19	17
35	63	37	63	45	57
42	54	50	55	51	49
20	60	28	52	31	43
69	57	77	59	79	63
41	70	47	73	53	76
66	37	68	40	75	31
66	46	69	43	75	37
18	66	23	72	26	79
63	51	69	50	71	50
66	30	68	23	75	33
12	34	16	25	20	16
25	57	35	62	41	71
25	59	27	53	29	47
50	60	52	63	57	53
4	48	10	57	20	63
50	33	52	26	61	20
7	39	17	45	27	39
58	38	62	47	70	46
23	61	27	63	28	72
63	60	64	64	72	56
20	68	21	68	23	69
37	48	46	50	55	53
18	38	28	32	32	41
22	60	28	58	31	67
35	36	37	30	39	31
19	54	24	55	33	59
22	39	32	45	35	44
37	47	42	50	47	53
68	37	73	29	82	31
3	42	11	40	19	31
69	55	75	59	80	54
1	51	8	53	9	52
68	59	75	60	85	58
7	62	10	64	13	61
1	50	7	56	9	58
64	68	72	71	81	61
47	63	53	73	55	74
42	62	51	53	69	35
63	63	66	54	69	62
1	30	2	37	11	44
5	61	14	69	15	66
30	69	38	72	40	79
29	59	36	63	41	67
6	59	13	65	14	69
46	69	54	79	57	75
58	60	68	50	72	57
60	34	65	33	66	34
22	45	24	47	26	57
4	31	6	41	13	38
70	64	84	76	91	82
41	69	48	73	50	80
16	54	19	50	29	42
25	54	32	51	34	47
55	59	64	49	71	48
61	41	69	45	74	55
25	40	30	30	34	25
31	32	40	38	46	48
28	60	32	58	35	60
16	48	23	54	27	47
24	49	31	46	33	50
25	62	29	72	30	62
48	35	54	29	57	26
33	51	38	46	41	44
9	62	17	56	27	47
8	53	10	51	14	47
3	69	13	67	15	69
39	43	44	42	54	32
56	38	60	46	68	52
39	64	41	72	42	72
8	59	17	53	19	62
41	35	50	33	59	27
34	31	42	33	43	34
25	55	31	51	37	57
8	34	14	34	15	41
42	60	45	59	47	59
6	69	11	63	17	54
57	70	61	61	71	51
7	55	17	60	19	63
2	59	12	58	16	64
22	67	24	75	25	72
47	70	48	65	50	55
22	35	25	33	27	39
35	34	39	38	49	45
5	39	11	44	13	40
35	33	37	26	46	29
31	56	40	56	45	51
63	53	75	39	81	32
27	37	29	36	39	31
15	47	20	44	28	41
58	32	59	27	62	19
5	49	10	43	16	44
13	57	14	59	20	65
22	35	30	41	37	41
1	64	6	59	7	65
59	41	62	38	67	41
51	45	54	41	61	31
53	38	61	28	68	32
64	56	69	56	76	47
44	50	54	41	74	23
24	46	32	41	34	33
41	61	47	61	57	60
19	56	27	50	32	42
66	56	75	63	83	65
7	66	10	61	19	68
25	32	31	36	37	37
11	58	21	67	24	70
69	32	77	38	84	39
53	44	58	42	63	42
61	32	64	32	71	37
41	68	47	77	53	83
67	54	76	60	86	57
59	38	64	30	68	33
51	30	54	32	55	34
45	54	50	49	59	40
9	35	18	33	26	26
53	51	60	58	62	61
60	41	64	31	65	23
64	48	68	56	70	47
70	33	76	29	79	27
5	53	13	57	19	59
36	68	44	78	54	68
23	62	26	68	32	80
16	58	22	59	28	50
54	47	56	47	60	47
23	61	24	64	32	66
63	46	69	47	75	41
37	57	41	52	45	47
15	50	20	41	24	31
21	38	27	39	28	29
66	30	76	29	82	23
45	63	49	53	51	49
69	33	77	41	85	49
31	63	40	53	44	57
17	58	18	48	22	47
23	51	24	60	25	51
40	58	41	49	44	53
23	35	31	39	41	37
8	55	18	45	27	36
66	49	70	55	77	60
32	30	41	31	42	38
11	37	21	45	22	49
40	47	44	56	45	61
63	37	72	31	82	27
16	50	19	53	29	53
9	65	11	73	17	64
31	66	33	76	37	70
4	55	13	52	22	49
40	63	50	59	51	60
65	57	72	51	79	45
5	48	8	41	14	41
19	49	21	54	25	57
18	37	25	36	39	34
59	42	67	33	70	39
65	31	66	27	68	19
64	62	66	72	76	72
14	32	18	33	19	34
17	70	22	68	30	74
23	61	28	55	30	61
58	39	65	47	73	47
45	43	47	48	54	53
55	38	57	46	65	43
66	41	72	32	82	35
3	61	11	63	19	66
59	46	66	43	67	53
46	32	54	34	55	37
39	46	43	47	48	55
67	60	76	68	94	84
43	52	47	44	57	36
66	63	71	63	79	60
21	38	30	37	40	47
34	45	39	36	42	42
62	57	71	57	73	50
7	33	13	43	23	51
52	56	61	58	62	59
52	62	56	64	65	64
13	58	14	50	18	41
11	53	21	44	24	41
10	30	15	24	16	23
51	39	56	44	59	45
61	41	71	34	78	44
26	54	35	63	44	57
6	63	12	65	14	73
55	62	59	64	60	62
33	34	37	33	43	27
20	53	40	43	50	38
54	47	60	43	63	37
45	47	55	40	56	43
6	50	12	51	18	53
64	50	69	49	72	39
57	40	64	36	73	27
26	50	27	57	36	61
4	33	7	40	16	43
56	70	60	64	68	72
66	32	75	40	77	48
12	38	21	45	27	39
1	60	9	65	19	59
29	44	36	52	40	47
20	32	22	22	24	16
31	57	41	56	50	53
61	42	71	50	76	42
17	64	22	70	29	78
49	63	50	63	57	54
11	46	20	54	30	48
6	34	9	35	18	42
5	67	15	68	17	70
15	51	18	41	22	31
60	36	70	41	74	45
62	49	63	54	72	62
52	63	55	56	56	57
64	50	84	56	94	59
66	66	72	73	79	66
16	69	20	76	26	68
13	47	23	54	26	59
33	59	34	67	37	66
67	56	77	48	86	50
70	64	72	70	80	61
55	41	60	50	70	41
34	40	36	39	40	37
33	37	39	47	43	52
19	42	24	46	31	47
14	54	23	44	29	47
49	47	56	56	60	53
34	46	42	50	44	59
58	48	60	44	70	37
34	56	42	60	46	52
63	59	65	54	66	45
53	31	54	37	58	27
64	48	65	54	72	64
9	52	17	49	22	43
55	69	58	63	61	65
48	35	53	37	62	47
30	56	36	47	38	52
15	60	24	61	26	63
13	52	22	58	31	49
6	34	12	44	17	34
22	61	25	55	35	55
63	45	67	49	72	43
16	32	23	33	33	27
42	31	51	31	60	28
39	57	40	54	48	45
68	37	72	45	74	40
13	43	14	39	23	37
3	49	8	57	17	48
52	34	60	38	62	31
49	62	53	59	55	64
63	64	70	59	80	69
50	30	53	28	63	19
15	66	20	66	30	61
5	30	7	24	8	21
38	59	48	59	55	61
44	66	50	59	52	62
8	34	11	24	13	24
63	37	72	37	77	42
58	64	59	71	66	62
21	43	31	36	36	46
1	65	5	67	12	58
64	69	67	79	76	85
38	39	48	42	57	37
3	49	7	55	13	49
56	56	65	62	71	52
22	62	31	70	38	72
62	62	71	71	74	64
7	55	13	61	21	57
28	32	36	42	52	62
9	42	13	35	16	41
16	47	17	52	20	55
11	58	16	66	20	57
49	31	53	21	62	25
64	60	66	69	74	59
40	51	48	57	53	58
47	46	55	47	56	48
50	60	60	67	69	60
21	47	23	45	25	43
22	58	32	65	37	67
42	36	50	27	59	27
2	55	8	55	16	47
14	70	16	62	26	70
20	33	26	30	30	27
69	69	79	63	84	59
39	65	48	59	52	61
47	57	54	55	64	52
50	48	58	40	66	47
6	51	14	47	16	51
46	42	49	33	58	43
9	57	18	60	21	69
29	45	39	48	40	38
37	60	39	55	44	59
25	37	35	37	45	46
27	35	31	25	35	24
55	48	60	50	70	43
11	34	18	37	25	32
40	45	48	37	51	31
36	44	38	50	48	53
17	57	24	47	30	46
20	52	27	57	33	55
5	40	14	34	21	28
54	32	63	39	66	46
7	68	15	63	21	54
32	33	39	42	53	60
20	63	21	61	29	68
32	34	36	36	40	35
34	54	50	42	58	36
34	37	38	45	45	35
21	55	23	49	25	56
37	68	42	67	46	65
58	70	68	64	75	55
30	64	34	62	42	58
64	34	66	27	68	31
21	64	27	57	37	56
49	51	56	46	59	55
47	37	51	41	52	50
61	61	70	67	75	69
30	60	33	61	40	69
70	32	79	41	81	38
63	53	64	57	72	62
65	37	70	32	78	26
5	49	9	47	18	39
55	56	63	51	64	60
9	65	17	69	23	77
15	56	17	66	26	73
40	65	44	65	51	72
41	41	47	50	50	41
65	60	70	52	78	45
24	36	30	42	34	51
59	69	64	76	67	77
55	46	63	40	65	32
40	44	48	45	56	44
64	34	73	30	81	21
50	43	57	37	67	32
23	69	25	79	26	84
11	44	18	52	25	42
54	63	63	58	69	57
66	64	72	65	78	64
5	33	6	43	8	51
18	46	25	52	28	53
40	48	50	40	70	24
33	66	42	64	50	63
57	49	62	49	66	40
6	41	12	49	17	42
37	47	39	47	43	56
27	46	34	44	44	52
13	42	20	43	28	35
55	31	57	41	59	36
21	70	22	61	27	57
33	49	43	58	49	53
5	48	6	47	9	46
69	60	73	68	74	69
28	36	38	46	43	51
6	47	12	44	17	45
51	63	59	65	67	67
39	59	48	49	54	58
12	42	18	46	21	45
15	32	22	31	26	40
25	56	29	61	30	64
13	36	16	42	22	36
3	64	4	73	7	80
54	37	63	31	73	37
46	50	49	47	52	48
6	51	10	45	13	44
12	57	22	67	25	59
17	34	23	27	24	35
32	32	38	34	47	43
47	42	52	43	59	35
22	67	30	77	35	68
36	60	39	62	46	68
26	38	28	36	36	27
33	46	40	49	46	46
27	54	32	54	33	63
15	57	18	66	26	68
23	40	33	49	35	43
7	68	9	64	10	73
36	66	40	73	48	87
9	35	17	27	24	34
12	52	22	52	32	51
11	36	18	40	22	32
21	57	25	51	35	41
49	61	58	53	59	46
13	56	22	63	25	58
39	30	46	22	52	21
25	50	32	54	39	48
34	55	44	62	53	57
55	66	59	66	63	66
68	51	77	59	79	66
52	56	60	47	64	48
24	40	27	38	32	47
50	30	70	50	80	60
45	61	48	55	51	49
53	59	59	61	68	59
59	34	62	38	71	33
69	36	79	43	85	43
64	40	73	48	79	52
31	69	39	69	45	61
49	50	56	50	70	50
8	65	15	63	24	69
17	50	18	48	21	51
60	48	68	53	72	57
28	36	34	30	37	22
20	56	24	52	31	59
3	45	8	51	16	52
67	59	71	54	81	48
17	36	27	39	29	43
51	55	55	65	57	70
68	64	76	55	82	61
57	33	60	42	66	34
32	47	35	56	39	65
4	49	8	52	13	45
23	60	26	50	28	54
8	35	11	31	14	27
59	36	79	16	89	6
17	41	22	48	27	55
29	47	37	55	47	52
3	67	17	71	24	73
12	32	17	31	24	28
70	43	72	52	81	60
54	30	59	34	67	24
44	61	48	67	52	72
68	34	80	30	86	28
22	62	24	64	30	73
64	33	65	39	72	29
59	30	66	39	68	38
39	41	40	45	43	47
2	38	9	38	14	30
69	47	78	44	87	35
38	37	44	45	48	41
67	69	74	71	83	79
37	44	57	56	67	62
63	65	68	61	70	70
60	53	69	54	73	52
1	33	6	40	15	36
5	39	6	48	13	42
32	33	41	35	46	32
47	32	50	42	55	45
26	57	27	62	32	59
31	49	33	55	34	61
45	50	49	57	57	66
36	63	46	61	47	63
2	46	11	43	18	41
41	37	43	41	52	35
43	47	52	37	58	38
41	60	43	50	51	51
59	45	63	53	71	50
5	45	10	43	14	41
23	65	25	56	33	49
28	52	32	60	33	56
46	70	50	69	59	76
57	33	66	38	75	39
5	35	12	36	14	40
63	70	83	60	93	55
31	63	41	73	61	93
68	46	80	30	86	22
21	42	27	39	33	45
53	44	60	48	64	46
23	37	30	40	38	50
60	43	69	51	79	49
47	35	57	31	64	34
49	60	53	65	55	57
44	33	48	27	53	32
55	56	65	62	70	52
69	51	74	50	78	40
15	57	20	48	28	45
31	56	41	59	50	64
16	52	23	46	30	44
35	40	45	56	50	64
50	39	60	34	68	25
30	47	50	31	60	23
13	43	15	53	25	54
16	61	19	66	29	69
14	59	21	68	26	61
65	38	69	41	78	47
57	62	63	63	73	59
39	50	40	46	48	42
67	40	69	31	71	30
50	70	51	79	56	87
10	35	14	30	22	31
67	32	69	30	73	29
16	58	23	61	32	68
68	59	74	69	78	65
57	48	64	40	69	36
26	68	27	66	35	76
13	63	20	73	30	79
21	54	24	54	25	58
29	48	33	41	36	32
44	66	48	59	50	68
53	34	56	42	65	36
64	44	74	50	79	43
59	46	66	46	73	55
36	49	39	59	48	57
66	64	75	65	84	71
35	37	49	39	56	40
35	33	39	31	47	40
55	49	62	52	68	42
17	55	27	63	37	69
69	50	71	44	77	42
25	39	26	49	27	40
30	58	39	57	49	50
32	42	34	48	43	57
62	38	70	34	78	28
42	37	44	37	50	47
18	48	25	47	35	46
65	70	70	77	77	87
14	59	19	59	24	51
1	44	8	43	17	36
36	48	46	55	48	65
61	68	65	62	70	52
17	33	22	43	25	38
34	33	44	31	53	29
6	34	16	29	26	24
30	52	35	62	40	52
24	61	25	57	35	49
55	41	59	41	61	41
31	30	41	40	45	36
67	61	72	58	81	51
38	58	46	58	53	53
4	59	11	63	12	68
34	63	43	62	49	59
29	37	35	38	37	37
40	68	47	65	56	67
6	57	13	67	16	58
22	41	25	39	31	32
68	41	78	40	87	30
36	46	46	38	55	45
55	41	58	41	60	34
10	40	15	38	18	34
63	56	65	48	68	45
46	69	56	71	62	80
19	49	28	50	31	45
70	46	79	47	89	46
3	53	4	60	12	50
54	52	55	54	60	48
23	55	33	47	36	45
54	30	63	38	64	32
18	41	24	50	34	47
28	63	36	65	46	55
67	62	77	62	78	64
55	61	59	65	60	72
40	58	50	53	59	52
19	51	27	51	36	52
57	42	63	51	67	57
17	70	21	77	28	73
36	65	39	64	45	66
9	34	13	41	19	39
18	38	28	42	29	49
33	59	41	69	42	66
50	37	55	33	57	28
47	43	48	48	58	45
15	61	16	65	20	68
56	54	58	64	63	60
11	50	17	40	20	33
65	47	71	45	73	51
61	31	71	33	76	37
67	56	70	51	78	46
41	58	45	67	55	77
59	62	67	62	69	57
24	40	27	35	36	33
40	69	45	78	51	84
60	49	68	43	78	45
51	37	56	34	64	33
18	43	19	33	24	25
28	66	38	68	47	59
53	44	54	34	56	30
23	40	27	50	34	48
5	33	15	36	25	46
44	36	53	32	60	27
41	31	47	30	53	24
58	53	62	63	64	59
5	61	6	70	14	63
57	67	67	63	77	59
9	38	11	43	17	33
52	39	60	40	68	41
46	40	50	42	55	48
26	53	32	61	36	71
10	61	18	63	26	65
43	64	49	61	56	52
35	37	38	28	47	30
23	32	32	30	36	22
25	52	26	47	35	47
29	69	32	60	34	65
57	56	67	46	72	50
13	59	18	56	26	55
4	48	8	44	18	54
20	62	22	57	28	49
16	60	26	51	35	60
31	66	36	66	41	76
59	32	68	25	69	31
37	34	45	31	53	22
61	65	69	66	75	67
69	66	72	76	78	70
39	52	47	55	48	65
51	50	52	49	56	39
45	35	53	39	62	31
3	66	13	67	18	58
13	51	16	59	22	69
39	58	47	68	55	78
10	44	17	35	20	36
24	60	30	55	37	46
36	57	44	48	51	56
38	70	47	72	55	62
7	48	17	53	25	55
49	58	58	57	76	55
37	47	38	57	47	56
32	66	35	70	36	63
43	45	51	45	56	45
18	42	24	43	33	43
58	70	67	73	75	66
8	34	18	25	22	21
15	45	19	40	26	43
23	40	27	47	31	48
9	30	14	25	24	24
63	43	64	46	65	43
18	34	23	34	25	29
66	40	69	30	78	20
51	43	59	43	66	34
8	44	16	54	25	55
3	54	10	50	13	47
11	38	15	29	18	25
53	33	56	27	61	34
70	45	72	38	75	35
53	44	59	37	66	47
46	52	54	60	61	61
10	44	15	46	23	42
19	45	27	42	35	32
17	30	19	20	29	16
60	53	70	51	74	53
38	64	41	56	45	62
1	51	8	59	9	51
69	70	78	70	88	61
39	56	48	54	51	57
55	47	57	42	65	32
38	45	41	50	44	56
34	67	36	61	39	53
42	46	52	54	57	63
14	34	21	44	23	38
7	43	13	37	14	31
43	60	51	59	54	49
51	70	54	61	60	59
3	40	7	33	8	24
19	30	27	27	33	19
42	35	52	33	61	34
46	38	51	48	61	53
10	57	20	56	29	50
7	70	8	61	10	71
51	58	52	55	54	49
10	64	13	68	20	75
27	31	37	25	47	19
62	35	63	42	67	48
24	50	29	60	31	64
46	68	48	65	54	75
24	41	27	35	28	45
47	31	50	38	59	46
15	45	17	39	27	29
45	58	48	55	58	50
32	52	39	53	41	57
60	42	67	43	75	49
32	43	34	46	43	49
39	53	41	52	51	61
41	34	50	38	68	46
16	50	23	46	30	40
25	33	31	37	37	41
50	37	56	29	60	21
7	66	17	65	27	60
60	40	69	46	71	37
32	68	38	75	45	78
7	48	12	47	17	51
36	38	45	30	46	21
23	51	25	45	29	44
7	67	15	74	16	79
17	57	21	52	26	43
31	51	41	41	47	37
4	37	11	34	12	27
30	43	37	35	39	31
39	45	46	35	56	34
38	52	47	47	48	55
1	62	4	70	6	67
52	31	62	11	67	1
58	44	65	36	68	42
62	35	66	45	73	53
37	55	45	46	55	42
30	52	35	47	36	56
58	44	61	54	65	61
13	40	21	39	24	32
61	35	64	25	67	15
8	31	12	31	15	29
57	39	66	37	75	29
56	41	57	32	58	31
27	60	34	57	41	54
40	47	43	41	52	50
51	42	60	41	62	40
27	31	36	21	40	11
5	64	7	73	9	75
51	41	59	34	61	24
27	46	34	53	48	67
25	49	28	51	30	54
68	44	70	46	74	38
35	53	36	49	43	45
70	30	72	26	73	24
70	56	73	50	78	44
41	58	47	60	53	66
27	68	29	62	30	60
57	60	61	57	68	65
33	36	36	33	39	27
50	66	55	76	65	70
63	35	71	44	77	50
6	70	7	72	9	76
14	66	23	73	32	69
9	52	13	46	16	47
48	31	56	25	58	18
65	55	72	54	73	45
28	36	31	41	34	43
57	31	69	43	75	49
56	44	58	44	67	54
65	31	69	38	78	45
20	41	23	39	29	35
33	59	35	51	39	41
32	65	34	58	44	58
46	53	51	46	59	37
59	44	68	41	71	39
36	51	45	43	48	41
5	69	6	59	14	50
5	31	7	29	11	32
50	50	51	55	59	59
27	34	35	37	42	34
24	60	25	69	27	65
42	70	44	72	45	63
22	66	32	72	40	81
2	52	6	58	13	60
61	36	65	40	72	34
22	41	27	46	31	41
38	58	40	50	47	53
16	66	25	57	30	56
14	46	16	42	24	34
58	43	68	48	77	49
43	46	44	56	51	64
59	32	66	32	76	31
20	40	27	43	35	43
61	55	65	47	67	41
26	61	30	66	31	63
35	60	36	63	42	61
25	61	34	58	41	52
6	33	7	34	8	26
54	53	63	58	70	68
21	65	29	64	30	69
36	38	37	44	38	52
61	47	69	47	70	56
49	32	51	28	54	20
12	67	21	72	26	64
63	55	81	37	90	28
41	65	42	71	52	66
64	36	66	30	73	21
43	62	49	55	61	41
4	43	8	35	11	39
33	69	38	77	46	78
50	63	53	61	55	71
58	30	59	34	60	38
49	48	51	48	52	54
51	39	56	48	62	43
53	68	60	63	64	54
33	62	41	56	48	64
16	43	19	42	29	39
1	66	11	59	12	63
34	39	38	43	47	43
63	55	72	64	75	61
47	47	50	41	60	37
63	54	68	54	78	61
4	44	5	49	9	45
40	61	46	71	50	65
50	60	56	56	66	51
32	34	42	31	46	30
44	70	46	72	53	76
19	64	21	71	22	80
47	51	50	43	51	49
60	67	62	61	68	71
19	31	23	33	32	33
55	59	60	68	66	71
65	69	70	68	74	77
41	41	44	47	51	37
6	32	10	38	18	41
57	35	60	25	65	23
57	52	59	60	61	61
68	40	76	49	77	47
52	40	60	44	66	41
47	63	49	67	51	71
9	63	12	62	21	63
54	60	55	69	61	68
9	63	16	70	23	65
5	66	10	62	20	53
10	60	11	53	13	63
10	44	14	50	19	51
70	59	79	68	88	77
42	64	46	60	50	56
8	32	18	37	28	47
54	55	55	46	56	44
3	70	11	66	16	60
28	32	34	34	36	42
40	41	45	45	52	42
53	38	69	26	77	20
8	41	14	31	26	11
6	41	12	36	19	34
9	59	10	55	20	60
27	38	32	40	36	37
7	41	12	31	22	11
41	50	43	44	45	38
51	45	69	39	78	36
24	60	33	65	40	65
40	67	45	62	52	70
7	41	14	36	24	26
58	60	62	65	69	67
53	38	62	44	72	39
50	44	57	49	63	49
22	68	31	70	38	63
32	45	39	40	43	32
70	32	80	32	90	39
49	57	54	63	61	63
65	46	71	44	76	45
57	70	59	70	64	69
58	53	64	49	66	58
22	58	25	62	32	67
20	69	29	71	36	71
70	67	79	68	85	58
5	49	15	43	20	40
7	50	12	58	18	53
50	63	57	65	65	59
3	60	13	61	23	53
47	53	55	60	64	67
15	40	21	35	25	32
33	34	41	28	44	35
7	61	17	56	25	57
52	49	59	39	66	29
30	67	38	57	45	56
36	52	40	46	42	43
24	53	34	46	41	50
39	53	44	60	52	51
16	49	18	56	26	48
54	52	66	60	72	64
39	61	47	51	53	48
23	48	29	57	30	63
34	64	43	72	45	74
12	30	22	26	30	22
40	31	44	30	47	38
55	31	60	27	65	20
53	45	56	45	57	38
65	47	73	42	82	45
53	61	60	59	61	51
31	66	36	72	46	70
57	57	63	61	68	61
45	61	54	59	56	61
43	45	46	48	49	53
19	47	29	37	30	37
36	32	44	28	52	36
53	46	59	38	61	30
1	64	11	56	17	56
35	58	37	65	44	66
17	44	24	45	34	54
49	48	50	40	52	24
61	70	68	70	69	72
19	54	29	62	35	72
1	45	8	45	9	42
36	32	45	34	47	28
22	46	32	56	41	46
37	55	44	64	45	67
46	61	54	56	64	54
23	46	29	38	33	47
64	67	74	64	79	56
14	61	24	70	44	88
35	60	36	61	46	66
61	42	62	38	64	44
70	30	74	38	79	29
43	59	50	61	57	61
32	30	41	26	42	25
42	46	43	49	50	41
44	60	51	60	58	65
13	43	14	53	23	45
1	43	11	51	14	44
21	35	31	33	35	43
43	63	46	61	56	52
70	32	71	42	73	62
19	58	28	55	30	51
41	33	43	45	44	51
6	43	11	46	18	41
40	53	44	60	50	69
62	30	66	38	70	46
45	35	47	33	54	43
32	63	52	55	62	51
29	30	30	32	37	30
69	62	70	65	77	58
11	66	14	70	20	77
1	68	9	59	17	62
27	60	35	50	36	42
60	38	65	47	72	46
59	48	65	47	70	52
40	40	43	33	50	31
7	68	13	66	21	67
4	55	11	57	12	55
47	68	55	64	59	66
34	42	41	35	50	36
36	45	45	51	52	51
19	65	25	71	35	62
58	43	67	49	71	57
21	43	30	51	39	44
46	65	49	67	59	74
18	46	26	47	35	56
7	47	13	45	19	41
68	52	72	55	79	64
4	65	14	59	18	68
69	68	71	71	74	62
65	49	68	51	74	55
15	66	19	66	22	74
48	43	57	53	61	61
14	52	23	48	29	38
8	50	12	56	16	50
4	33	6	24	14	28
13	53	18	63	23	68
46	54	48	63	52	58
26	68	36	65	46	60
28	69	36	61	43	61
19	56	28	59	31	52
69	31	73	21	76	23
63	70	72	69	82	70
9	61	16	65	21	69
44	63	53	69	56	72
68	35	71	33	73	37
65	56	69	54	76	60
68	60	75	60	85	62
61	62	71	54	76	60
15	30	18	27	28	35
61	62	62	71	71	73
9	59	13	53	23	59
6	42	9	45	10	37
24	57	27	48	37	41
45	60	46	64	56	61
66	34	72	26	82	33
5	50	15	55	25	49
51	66	59	58	67	52
9	68	18	69	23	63
69	32	75	32	80	35
13	33	19	25	22	29
13	67	17	62	27	55
60	37	66	46	68	51
14	51	20	58	27	55
32	51	35	42	41	36
58	47	68	48	74	48
2	50	5	59	6	69
62	43	68	35	78	25
38	57	42	67	46	76
28	46	30	51	34	61
3	60	9	58	16	53
12	31	15	39	21	37
40	37	48	47	55	40
20	61	27	62	30	64
44	34	45	28	46	34
10	59	12	51	19	58
36	33	41	40	50	38
15	61	18	54	26	44
69	46	78	51	85	57
65	50	72	51	79	43
34	70	43	68	47	67
48	43	56	48	58	38
25	41	26	39	34	38
22	69	26	62	27	62
42	40	45	42	48	50
55	48	63	53	69	56
5	51	15	47	23	43
16	65	18	66	25	59
3	42	6	35	16	34
7	66	9	57	11	57
60	38	67	40	75	34
31	42	40	37	42	29
27	54	28	51	35	58
10	54	16	59	19	63
45	52	48	62	57	59
47	66	57	63	67	56
70	61	80	63	84	58
21	50	29	54	36	60
43	53	52	57	58	57
54	45	57	52	65	57
50	59	52	69	53	74
11	64	18	57	32	43
20	43	28	43	29	35
47	32	51	25	55	23
55	39	63	42	67	43
69	54	70	58	78	48
39	61	44	65	52	57
34	59	36	69	39	62
47	46	56	43	60	53
66	48	76	45	80	53
52	40	60	36	61	44
21	55	26	47	29	55
36	34	43	30	47	23
15	49	19	45	20	41
22	45	26	48	29	41
32	36	39	41	43	42
55	30	58	27	59	34
24	68	25	66	33	64
56	31	66	32	72	30
16	31	21	41	28	34
67	32	73	23	80	28
33	69	43	67	49	60
33	52	35	62	43	72
10	61	12	64	14	60
69	46	73	47	80	43
61	34	65	31	72	27
6	31	8	27	10	23
54	49	57	39	67	33
58	42	62	40	67	39
35	53	41	61	50	68
42	48	51	50	53	53
5	60	6	57	15	56
36	49	40	55	45	46
40	56	50	57	53	66
36	35	39	42	44	33
3	63	8	56	14	57
40	52	41	57	51	66
7	48	8	58	16	62
56	65	57	55	65	50
42	49	48	50	53	60
46	65	53	64	58	70
7	41	16	51	17	46
48	57	57	55	61	57
68	63	70	58	74	58
7	52	10	62	20	56
42	40	48	39	57	49
42	59	43	63	44	65
56	32	58	41	62	43
4	37	7	41	10	38
52	34	53	24	54	29
29	48	39	39	46	31
8	42	14	39	26	33
21	49	22	40	28	42
38	33	41	38	48	40
61	55	62	59	72	66
28	54	30	61	38	61
67	65	74	61	78	61
18	53	28	57	33	64
23	64	26	65	29	66
36	50	37	57	41	47
64	66	74	61	82	53
42	38	48	36	51	28
43	31	45	51	46	61
19	33	22	42	28	60
59	63	69	60	74	61
51	62	61	64	65	71
58	69	61	68	63	71
61	67	65	57	70	64
69	63	72	53	75	43
53	54	55	47	57	40
34	43	43	36	45	30
58	33	60	38	64	48
23	69	31	71	41	81
44	60	48	65	58	60
51	39	53	30	62	29
48	58	56	67	63	62
64	57	67	55	76	45
55	57	61	65	63	74
42	38	47	46	57	45
60	49	74	33	81	25
45	41	55	44	58	49
50	32	51	28	53	23
67	53	74	47	81	47
7	49	11	40	18	46
5	37	11	33	15	35
34	47	43	41	48	48
38	33	40	26	48	16
20	63	25	56	26	49
57	52	64	53	74	53
61	61	62	64	69	55
11	40	12	39	19	45
28	68	37	69	45	64
27	42	29	48	34	54
61	48	68	52	72	61
23	34	29	38	41	46
9	52	14	56	18	54
30	55	38	45	41	39
35	49	44	56	46	51
21	63	25	69	28	76
6	63	10	71	18	75
58	67	63	71	64	70
18	39	25	34	27	36
60	68	67	62	75	53
52	33	70	47	79	54
25	62	29	54	34	55
47	52	52	45	54	51
4	54	11	55	13	49
16	66	23	70	24	72
7	64	13	71	18	67
32	60	38	68	44	58
22	61	27	62	37	54
10	67	14	73	18	67
64	47	69	39	79	48
50	60	54	62	59	67
59	55	66	57	68	50
8	34	10	43	15	38
65	31	66	40	68	41
23	52	31	53	39	54
43	31	45	40	50	38
21	41	28	34	30	24
56	42	60	36	66	40
55	58	58	61	62	55
37	32	46	22	55	12
22	32	23	26	30	17
46	56	52	65	61	56
54	30	62	32	63	29
59	44	69	40	70	33
55	38	64	30	65	37
51	55	53	63	58	68
9	64	13	74	17	65
37	31	40	27	48	37
51	56	60	56	69	62
31	61	39	69	42	73
27	52	34	42	41	34
36	60	40	64	42	71
12	43	21	38	30	34
70	54	75	44	85	43
5	31	7	35	11	40
35	33	38	25	47	26
63	61	71	55	81	47
32	47	39	42	43	40
67	59	68	57	75	47
50	59	51	58	53	68
17	70	19	73	27	77
58	69	66	61	70	64
44	30	49	32	53	28
27	37	35	38	41	34
5	64	13	57	15	54
30	55	37	49	45	52
54	43	57	35	61	39
50	62	59	53	66	51
57	39	59	46	63	54
9	36	19	42	29	48
14	45	30	41	38	39
29	55	39	54	48	46
8	44	10	54	11	55
26	55	28	55	32	52
26	56	29	53	31	45
62	43	71	41	73	50
17	69	27	74	29	79
29	32	30	39	37	35
41	70	45	60	48	70
68	57	69	47	70	56
2	65	8	59	14	59
47	40	55	32	62	42
41	53	47	63	56	69
24	68	29	64	39	69
21	34	28	29	37	28
14	30	20	28	28	33
51	55	60	64	61	64
7	38	8	36	10	42
66	54	76	58	84	54
12	63	30	57	39	54
28	52	38	53	39	43
43	43	49	41	59	36
15	66	22	74	29	78
18	46	25	51	26	49
40	62	41	63	47	69
38	37	44	47	46	54
44	55	50	46	56	56
19	37	29	30	38	27
10	30	19	23	26	23
37	49	46	39	51	46
50	51	59	55	77	63
45	62	47	65	52	63
21	55	22	53	29	52
28	37	35	44	40	40
7	36	15	26	16	19
40	57	41	57	51	59
25	51	27	51	29	51
65	62	70	67	71	70
37	30	38	25	44	27
46	47	53	48	56	50
67	59	77	64	86	74
47	42	51	32	59	37
25	30	28	23	34	33
45	46	47	36	49	26
50	34	56	44	66	52
68	32	74	22	77	25
61	59	69	54	77	61
21	47	25	44	33	47
22	42	30	46	38	39
40	45	44	41	54	38
21	61	24	55	33	46
64	57	74	50	77	54
47	37	54	35	57	34
53	47	57	50	62	59
25	64	35	60	40	57
46	65	48	75	54	79
46	53	52	51	57	57
13	57	23	65	32	74
25	45	31	46	33	55
58	60	67	61	76	62
2	42	7	40	17	36
18	34	19	40	28	30
29	36	36	26	38	28
33	42	35	44	40	41
60	63	68	66	77	58
61	65	64	65	74	56
30	50	32	46	36	37
28	56	29	55	31	63
51	63	60	73	64	63
20	30	22	28	32	25
21	39	27	40	33	41
57	36	60	26	63	16
32	37	39	30	46	24
10	32	15	33	22	23
10	49	20	57	25	61
7	46	13	55	20	51
65	57	71	66	72	68
7	43	8	53	15	53
17	54	27	52	32	42
23	60	27	68	34	68
55	33	58	30	68	21
28	55	35	49	40	57
12	59	22	49	24	40
58	36	64	43	67	47
65	45	66	47	67	47
17	62	23	58	28	48
69	30	71	37	73	30
1	48	10	41	15	44
65	54	71	64	75	68
18	45	25	44	30	38
66	61	74	70	75	63
10	36	11	43	17	48
65	55	70	64	79	54
13	31	21	23	25	19
51	56	57	53	65	63
6	58	10	48	12	43
9	62	14	62	19	70
40	43	45	37	53	38
43	61	46	58	54	61
8	50	16	53	21	54
59	39	60	32	62	29
37	59	43	54	45	52
29	65	33	71	35	77
23	69	31	72	40	64
21	31	30	21	34	18
6	54	7	59	10	61
3	51	4	42	7	52
44	40	53	44	61	51
20	44	26	44	29	54
49	66	52	60	53	70
20	69	21	65	23	56
32	53	38	48	40	42
56	52	62	60	65	64
57	39	62	33	72	36
24	56	33	63	42	70
27	43	28	48	31	49
17	63	23	73	31	64
40	67	47	77	51	78
37	32	46	40	56	42
67	62	85	72	94	77
64	43	66	39	71	49
68	69	74	69	79	78
21	47	26	55	30	58
60	41	63	48	67	58
21	30	29	25	33	33
17	46	20	37	24	43
39	54	43	63	44	67
36	50	46	48	54	38
3	37	8	28	18	19
67	32	70	35	71	30
2	69	11	60	20	68
49	41	59	37	62	30
37	55	46	61	55	65
17	44	27	38	35	35
38	70	44	74	47	76
34	52	36	49	46	41
25	66	31	71	43	81
62	47	64	46	69	40
61	62	65	69	71	61
50	36	58	40	62	47
22	70	29	69	36	74
59	44	62	39	69	46
13	33	20	30	28	38
49	68	52	68	60	70
15	53	24	43	33	33
31	60	41	62	46	72
31	68	37	58	40	53
5	51	8	52	18	59
3	67	13	69	15	65
55	61	58	64	67	69
24	43	32	48	41	56
1	49	6	44	10	37
3	67	9	60	12	54
59	44	69	42	76	47
13	49	17	52	23	51
15	33	23	38	33	40
31	61	35	51	37	57
61	54	66	59	71	63
68	39	72	39	74	35
2	62	8	69	20	83
58	63	66	61	74	59
25	46	30	48	36	48
64	42	71	50	80	41
17	40	24	39	33	45
15	47	20	52	30	51
65	32	66	23	70	31
7	45	10	55	18	50
37	35	39	39	47	49
41	68	44	61	49	58
69	55	78	48	87	41
70	40	77	47	83	40
10	65	15	64	17	65
49	41	52	32	55	31
25	34	33	42	42	43
9	61	13	68	20	58
19	54	23	58	29	57
49	63	58	54	68	59
50	44	58	43	65	51
11	58	21	61	28	59
8	48	15	38	21	40
47	58	51	57	61	54
20	67	29	70	37	67
28	32	32	30	34	21
65	67	66	59	67	66
27	47	28	49	30	57
48	55	49	45	55	55
54	65	55	73	56	81
50	45	53	47	57	48
53	61	57	57	67	58
64	49	73	40	80	39
51	48	55	45	62	36
11	32	12	27	13	23
1	33	6	41	12	38
64	58	72	54	88	46
68	41	71	50	74	52
70	67	79	62	87	61
42	59	45	50	55	44
63	45	67	38	68	30
58	61	65	52	72	58
61	63	65	53	67	48
63	33	65	26	69	18
50	37	58	40	66	45
5	66	14	71	16	70
13	36	15	29	16	33
51	66	53	72	58	67
57	30	60	26	70	16
45	70	46	67	55	62
68	56	72	50	73	55
66	41	68	49	69	53
69	41	75	48	78	47
18	66	25	65	28	63
38	36	40	42	43	40
54	40	72	44	81	46
41	66	47	60	55	59
29	44	38	38	45	36
68	33	73	41	77	43
13	61	23	56	24	47
16	31	24	26	33	35
26	35	31	43	40	39
12	49	21	46	39	40
43	57	50	67	64	87
67	46	74	50	76	54
68	37	72	28	76	36
70	54	80	64	90	65
61	30	70	20	73	15
46	52	48	57	50	62
37	49	40	53	43	52
65	37	75	46	84	48
69	30	71	33	79	29
6	45	14	48	23	47
22	56	24	53	26	62
36	43	39	42	45	34
48	37	58	29	65	37
45	63	51	69	60	65
7	47	8	46	18	37
39	57	45	59	52	51
48	38	51	37	53	32
16	36	22	34	28	33
58	42	64	46	71	51
64	50	65	48	66	48
36	30	41	22	49	13
42	59	45	69	46	71
20	48	21	56	28	49
26	32	46	42	56	47
54	58	57	49	58	54
51	36	52	31	60	29
17	54	20	58	26	50
45	32	55	33	60	30
10	68	16	66	20	64
63	55	66	49	69	43
12	35	22	45	27	50
16	50	24	55	32	56
37	34	47	29	54	32
62	53	65	53	68	51
36	44	40	35	50	29
26	51	32	39	35	33
23	66	29	68	33	66
50	33	54	40	58	47
65	65	75	73	81	82
46	59	49	58	51	64
4	36	7	42	14	36
14	70	22	72	25	79
26	46	33	46	34	56
23	62	25	58	32	51
42	60	44	70	50	62
39	49	46	55	47	57
63	45	66	50	67	58
23	32	33	28	42	18
27	30	32	35	37	40
43	39	50	42	57	46
58	68	68	73	69	71
31	46	40	47	46	43
20	58	22	61	30	53
12	49	14	39	24	31
46	59	53	51	57	49
28	70	31	70	36	77
68	50	78	46	86	38
39	66	49	62	56	67
32	33	39	36	42	39
48	34	53	40	62	44
49	43	51	51	54	52
69	39	77	33	78	42
59	61	67	53	74	60
65	36	74	45	76	35
28	64	34	59	39	63
39	44	44	52	47	54
59	39	64	38	72	38
