10000
73 93
70 13
62 15
20 75
56 8
67 65
31 40
29 52
62 94
66 23
1 70
79 77
83 21
30 38
32 79
54 52
93 30
92 21
43 99
44 23
92 15
71 65
60 41
74 79
82 5
7 25
36 14
89 75
24 93
61 39
16 54
51 57
80 6
41 45
33 47
38 59
70 85
99 56
34 15
24 98
96 38
77 80
96 60
76 82
67 48
64 91
3 9
35 50
70 30
87 18
3 10
98 19
34 91
13 62
83 70
21 27
34 35
10 82
76 1
97 91
12 15
40 22
59 40
86 49
32 96
13 72
51 50
87 12
18 8
30 43
45 79
97 42
1 10
67 18
62 58
55 3
58 56
94 51
9 30
65 57
54 69
87 77
65 58
9 40
98 76
24 23
6 75
47 18
59 53
16 63
13 40
21 77
99 64
51 51
43 48
67 33
67 56
7 25
91 79
5 70
86 49
79 73
52 38
60 28
38 34
25 31
39 12
37 28
20 7
84 72
89 5
46 30
60 64
41 66
75 87
15 91
36 96
85 18
79 71
40 94
76 69
2 24
3 29
1 60
74 17
67 38
73 71
10 56
42 27
98 70
8 36
13 34
94 69
75 14
49 22
57 35
94 28
60 88
94 37
8 75
65 95
51 76
95 24
24 91
34 25
46 51
25 39
85 65
87 56
72 48
70 5
70 34
65 36
75 28
53 46
67 45
46 71
58 21
71 47
22 84
41 11
10 67
52 74
66 44
70 42
84 74
41 51
45 4
59 57
21 41
83 98
18 93
32 59
79 22
6 55
36 17
95 33
99 81
55 10
15 6
49 62
30 69
8 46
54 98
98 90
13 8
91 70
14 61
50 51
85 73
79 37
99 71
16 52
37 83
12 32
62 56
47 81
2 5
93 32
14 30
80 16
29 50
69 20
48 82
13 85
90 1
53 29
75 86
39 99
30 80
75 39
94 80
96 16
15 45
58 78
71 60
61 51
17 51
89 47
61 78
44 16
95 53
31 35
13 19
76 64
53 55
22 74
79 54
2 45
20 60
74 95
11 87
95 74
18 12
20 18
6 36
21 82
39 7
76 91
90 26
52 78
73 41
21 8
51 59
45 5
79 15
15 41
97 67
76 62
36 68
28 43
18 80
5 66
46 50
69 49
80 87
8 35
26 41
39 1
7 59
64 26
79 84
35 89
62 25
52 2
34 84
42 92
13 71
57 61
79 37
67 32
52 63
61 34
53 49
10 49
27 20
35 36
67 75
12 22
38 26
37 74
15 14
96 30
52 28
28 69
9 20
34 22
58 28
74 37
46 1
56 95
91 39
96 11
44 6
85 92
54 33
4 59
92 40
4 8
92 12
32 38
1 42
44 48
90 24
5 48
6 28
8 55
61 29
14 36
24 26
88 42
4 96
45 4
20 33
95 73
95 42
59 23
17 5
40 59
4 46
29 48
73 73
37 42
42 17
80 1
39 89
97 30
66 88
29 73
99 32
76 98
30 10
23 79
40 88
39 40
77 43
98 59
29 51
51 36
33 11
15 25
18 29
8 69
90 46
33 32
56 88
94 89
8 13
32 81
98 67
54 10
18 27
48 82
24 36
33 16
97 41
88 49
31 18
6 30
35 82
1 9
25 52
68 65
95 99
68 55
84 78
31 17
49 24
94 38
48 76
68 93
82 35
50 95
70 87
20 93
50 63
58 46
71 40
2 15
57 44
54 20
12 45
2 97
80 8
34 19
77 97
58 14
24 36
83 98
27 27
36 3
86 82
81 27
89 92
42 12
80 53
38 6
58 50
26 84
12 65
19 40
37 5
59 33
82 73
4 20
33 80
30 55
5 48
12 94
93 96
44 39
70 31
23 29
78 9
31 93
54 88
54 71
80 71
95 64
68 47
26 17
40 60
99 36
13 76
80 3
64 5
29 32
17 39
86 45
33 97
71 81
58 52
95 21
30 25
7 79
23 38
2 8
46 52
24 91
47 94
37 46
68 49
21 35
66 6
94 70
84 36
40 13
13 29
16 99
32 81
92 72
37 50
21 9
6 43
94 90
60 7
52 43
79 54
27 65
22 5
39 79
87 68
28 82
95 2
27 10
12 98
98 99
68 62
20 70
39 25
48 55
81 31
17 35
80 82
36 23
22 87
51 67
82 15
50 41
67 74
47 85
42 43
72 21
69 12
63 80
29 18
59 83
57 46
24 12
34 56
80 75
68 25
91 57
83 84
61 8
39 18
37 77
11 33
3 71
13 94
20 23
65 92
1 3
90 17
97 11
43 17
49 34
89 27
65 23
2 77
79 4
36 50
17 54
53 54
89 17
86 74
80 25
70 75
22 32
42 45
19 56
73 44
55 35
8 86
21 70
63 13
74 98
21 77
61 26
52 18
75 22
1 25
1 28
9 89
60 25
63 66
5 78
21 51
23 17
65 2
22 1
44 98
55 20
68 43
69 66
65 27
42 51
80 45
32 67
77 77
96 84
64 92
83 74
62 68
63 93
54 99
80 17
34 13
50 5
17 47
84 70
58 10
55 19
27 22
10 27
69 45
98 64
93 18
92 94
80 99
51 96
76 30
42 16
24 51
29 77
90 5
65 13
71 61
59 79
43 96
26 61
20 12
63 81
33 80
67 47
96 41
24 4
12 83
53 71
56 56
4 47
24 92
72 85
65 71
90 24
48 99
47 22
43 15
50 54
23 84
45 88
46 30
38 48
91 92
35 39
91 17
69 49
8 46
38 77
36 97
26 51
99 81
2 62
33 94
70 85
54 51
65 56
41 10
95 10
55 70
70 13
37 18
92 51
91 21
95 62
66 27
29 55
46 33
93 39
75 65
6 57
82 15
58 25
80 11
99 36
13 36
37 56
47 99
21 15
93 91
55 91
76 55
41 4
43 77
17 86
81 21
35 3
22 37
43 27
35 75
32 43
32 45
48 51
94 46
2 35
94 79
28 90
79 52
85 24
83 11
89 95
78 72
16 70
8 73
19 13
67 64
86 81
68 50
41 63
77 45
58 14
95 83
17 92
45 52
7 8
35 3
14 53
94 70
63 91
46 42
84 89
27 65
84 71
26 82
36 20
97 56
91 58
83 33
70 62
40 33
67 63
84 57
64 90
18 78
90 26
25 52
38 16
40 59
43 38
14 52
34 71
37 97
79 4
91 81
46 36
62 16
22 54
81 68
93 62
85 54
86 99
47 66
23 65
48 18
38 43
9 83
97 43
31 71
77 44
99 91
28 17
63 83
78 42
67 84
68 76
39 47
70 63
70 96
4 69
57 69
94 29
56 15
94 85
61 27
95 19
73 82
45 83
13 5
49 83
40 78
79 60
17 61
93 97
6 63
96 2
94 22
3 6
97 97
64 26
87 42
37 6
22 85
24 91
49 37
77 13
55 53
78 48
57 98
79 91
56 61
94 21
23 92
33 44
94 90
18 78
14 57
64 95
6 63
94 12
68 36
96 25
63 94
18 70
97 72
20 42
85 7
84 74
40 48
10 38
38 81
61 81
94 15
94 85
51 78
17 73
24 47
88 76
65 29
27 13
40 61
54 1
58 86
68 9
13 54
33 24
58 18
12 21
6 91
49 82
38 97
98 79
21 95
35 50
82 95
79 34
84 35
83 23
9 5
36 95
92 71
39 5
59 14
22 26
4 64
77 65
48 88
62 57
39 28
5 86
33 68
24 32
46 4
90 52
49 13
32 15
54 77
98 68
15 23
13 45
75 20
54 77
19 66
54 1
36 57
52 2
60 83
79 62
40 61
70 24
87 86
51 73
48 9
34 75
22 57
65 47
95 99
98 36
38 94
92 38
46 59
61 10
16 77
54 76
15 42
84 80
39 76
61 92
40 56
62 69
67 25
32 9
58 38
36 12
9 9
63 66
83 64
4 34
97 35
8 88
41 56
36 23
37 53
42 60
39 61
13 29
37 7
52 3
44 3
13 45
7 7
78 5
57 48
13 40
25 79
49 32
68 56
31 41
76 65
27 55
40 97
78 41
23 22
59 39
43 62
70 18
2 18
91 82
77 31
41 32
40 7
42 80
4 4
78 80
39 88
37 99
36 83
7 73
19 75
8 1
68 27
51 94
92 91
49 29
96 53
87 32
51 94
84 97
99 99
18 62
13 93
48 62
94 74
23 6
65 11
40 41
99 65
63 85
56 85
54 23
67 39
97 69
54 84
8 27
46 81
51 55
79 99
47 63
17 99
93 59
76 79
64 89
84 36
16 29
83 95
46 99
56 66
78 62
1 75
75 77
39 45
97 48
78 93
92 19
27 72
83 97
45 35
64 66
37 33
75 24
1 50
6 53
75 32
49 45
37 54
96 97
28 57
87 8
92 61
64 91
59 50
10 26
15 67
18 41
4 46
58 88
86 98
71 15
30 1
37 70
21 58
76 90
19 3
28 74
82 46
11 1
73 38
12 77
74 43
32 45
13 70
51 49
81 58
90 78
8 93
71 40
9 29
34 95
73 48
73 20
8 96
98 89
86 2
79 47
37 2
26 12
96 4
13 91
3 33
11 19
70 37
54 45
14 99
1 33
23 81
32 40
48 76
42 47
83 71
67 6
82 9
6 74
90 63
65 11
77 17
69 22
27 39
10 40
14 56
42 17
2 32
7 98
75 63
93 26
72 78
23 98
48 33
42 6
96 10
37 93
97 38
9 38
44 10
70 12
58 26
91 40
14 83
96 40
73 87
48 91
14 25
55 97
80 52
77 6
36 15
44 97
20 60
72 15
70 45
80 58
69 58
9 37
28 74
57 45
74 9
64 31
64 73
35 96
66 8
97 91
21 34
29 5
84 80
29 67
66 79
7 10
75 75
9 57
95 5
10 89
7 62
73 44
70 56
37 24
5 33
3 29
3 56
92 19
91 27
17 53
50 60
94 64
30 97
57 2
46 21
79 30
78 99
82 53
69 6
10 55
3 28
95 7
24 32
36 7
52 31
56 68
23 2
97 88
49 60
17 99
97 31
11 72
8 98
94 93
73 37
39 87
92 12
33 47
86 59
40 59
33 58
31 23
93 97
50 61
51 90
44 58
68 89
99 77
74 56
3 63
18 34
82 9
36 5
82 98
21 33
55 55
56 90
95 21
39 41
27 94
89 68
96 51
58 47
31 62
78 63
1 26
19 68
69 10
43 9
23 8
70 37
7 72
24 53
23 8
64 34
70 2
66 78
67 6
19 7
56 5
29 83
49 25
48 37
46 12
95 79
69 77
6 28
89 97
90 70
18 11
97 91
5 99
64 28
5 57
9 90
17 16
57 43
45 51
97 90
94 40
36 32
51 38
24 72
49 59
80 84
4 26
48 13
27 89
39 59
95 27
53 57
59 10
92 33
17 30
73 44
33 15
13 16
40 77
26 79
28 57
11 24
66 81
36 80
47 10
51 62
99 63
26 44
48 18
29 57
51 59
15 28
63 36
33 78
12 49
35 91
60 62
37 95
83 44
56 97
72 59
45 18
40 17
23 25
67 40
95 61
55 95
84 11
59 72
69 31
95 73
32 18
96 12
11 6
93 6
17 44
65 59
61 67
15 79
55 5
73 93
12 75
49 66
90 23
12 93
46 11
79 81
2 3
79 51
43 87
74 68
66 40
72 46
2 95
15 22
4 13
25 71
73 59
41 72
32 30
71 62
9 25
18 5
36 22
28 97
87 77
39 25
34 67
24 90
49 39
37 68
78 25
84 78
90 8
81 27
94 95
29 57
83 6
80 44
41 67
97 76
70 18
11 15
26 69
35 31
14 41
2 12
88 48
33 66
71 2
29 57
20 29
27 97
73 20
92 80
80 85
33 7
1 26
52 59
66 51
18 80
85 50
27 73
83 42
93 73
70 33
63 80
29 99
8 69
49 45
5 95
42 61
37 71
15 78
37 97
25 90
46 44
86 94
99 97
69 89
38 8
99 87
16 78
88 81
70 23
64 51
35 10
56 86
44 4
32 46
62 85
9 83
9 14
56 10
53 58
21 34
96 72
23 50
58 82
86 41
75 33
29 68
60 59
2 79
68 8
75 26
41 93
71 20
32 51
60 99
44 15
72 14
41 4
99 90
85 76
51 44
95 85
24 42
66 23
78 50
35 10
55 7
96 90
86 84
79 63
58 4
45 79
21 5
56 85
68 93
69 64
13 80
38 66
93 86
24 47
57 63
45 11
2 2
70 41
34 90
79 30
43 70
71 59
52 28
53 27
72 53
75 79
3 63
86 99
88 3
76 62
8 72
58 6
61 91
69 92
72 61
52 5
60 8
83 21
19 47
38 25
56 17
66 10
21 74
86 58
16 96
1 23
17 88
96 63
19 63
76 95
39 41
15 21
66 94
70 24
20 52
45 30
3 57
19 62
89 85
8 61
78 89
35 99
25 75
26 6
56 42
58 63
22 69
10 55
58 50
88 59
90 11
92 84
99 85
52 31
77 82
5 89
2 1
55 75
66 93
15 49
32 68
84 77
61 43
17 14
24 3
25 9
24 57
80 94
73 67
10 39
11 7
34 85
56 82
57 40
79 15
50 19
47 67
67 43
21 97
43 63
69 97
85 14
99 1
29 80
8 1
69 21
67 52
22 84
71 57
12 10
33 86
83 7
81 95
90 35
63 82
20 40
88 87
86 59
89 14
20 92
75 18
96 70
49 53
51 20
10 42
13 78
71 90
41 68
28 99
44 73
92 74
73 75
80 20
35 63
88 74
99 68
87 84
90 50
36 89
44 32
16 89
43 81
63 3
87 28
4 34
76 87
47 60
91 23
27 17
37 7
29 72
95 64
68 79
45 22
42 46
37 4
15 50
58 7
59 8
61 40
43 8
20 50
3 86
78 98
70 47
30 77
4 13
49 63
99 36
70 22
21 6
15 60
46 10
95 10
4 67
81 26
84 50
64 33
67 84
76 9
74 40
2 70
15 52
48 24
83 25
20 20
95 94
45 62
58 54
9 33
23 90
68 28
46 33
7 53
91 94
20 88
7 8
47 27
70 58
3 2
11 92
45 8
92 66
43 85
19 99
29 67
94 72
57 95
29 58
84 87
59 86
20 59
67 3
74 34
16 95
10 67
55 81
66 77
95 79
86 7
48 51
63 51
50 4
28 32
23 13
74 8
19 57
55 65
37 34
33 65
3 70
32 51
24 97
79 54
84 92
87 61
63 33
21 4
31 56
17 52
31 98
59 59
51 82
58 64
60 56
78 89
11 13
36 41
75 70
73 1
18 42
28 49
7 41
96 58
2 74
7 40
15 66
88 31
38 52
6 70
67 22
9 96
30 65
15 59
71 53
9 94
36 63
91 85
69 28
19 57
19 55
82 56
23 60
36 10
18 73
11 71
85 8
96 17
2 97
22 57
3 43
35 96
1 41
41 85
19 11
67 4
53 15
92 7
84 45
4 18
60 43
56 3
52 59
15 72
61 77
66 45
16 42
91 82
88 3
77 3
9 70
76 70
13 8
17 86
94 17
82 65
67 43
27 81
74 85
19 2
45 71
92 38
69 18
15 95
58 62
34 35
15 90
40 60
50 17
6 27
42 24
17 88
54 65
43 91
47 40
39 1
77 1
13 32
41 19
3 30
22 83
50 23
96 72
42 50
15 11
82 41
73 97
33 41
11 42
95 55
33 81
65 34
98 89
21 12
76 26
37 35
23 48
95 46
36 25
87 76
63 48
54 83
24 56
56 35
14 96
50 32
62 95
78 75
46 70
29 57
80 5
21 71
48 6
66 95
8 80
82 82
11 32
16 72
41 14
12 64
64 10
34 99
72 62
10 32
45 60
13 43
8 34
49 95
51 78
16 16
69 53
22 93
83 92
60 61
14 46
23 62
2 72
88 30
96 3
79 64
47 83
61 2
61 31
56 85
63 1
3 4
14 19
30 22
88 83
90 61
17 97
90 78
53 46
54 26
45 44
28 44
38 56
6 15
61 93
35 10
96 6
72 95
9 17
69 90
29 90
62 25
72 84
51 96
97 68
23 25
26 98
63 55
63 42
43 30
15 67
38 39
42 84
39 73
45 89
90 4
46 91
41 13
86 41
17 36
24 83
30 3
73 21
92 27
10 38
89 44
3 89
87 16
90 2
85 93
11 37
54 70
57 29
24 68
10 86
78 73
55 12
77 72
44 92
3 69
41 38
85 29
74 20
91 51
74 95
5 61
82 27
6 37
40 98
86 47
20 43
41 14
90 88
34 79
56 52
33 76
60 19
13 74
53 32
6 46
3 95
34 21
36 5
71 43
54 49
38 36
31 78
42 4
21 74
36 50
34 75
39 30
47 7
48 12
27 24
55 88
96 59
5 74
19 49
59 74
73 89
51 94
27 21
93 87
26 10
65 61
10 39
60 66
98 67
22 45
61 42
90 90
31 80
81 26
85 84
39 91
82 38
86 45
80 61
96 32
41 6
52 43
54 65
36 77
11 62
29 12
19 88
42 65
88 61
63 31
20 33
16 39
75 5
59 88
37 6
10 29
46 9
61 1
84 36
78 81
98 98
80 37
53 84
24 15
68 37
15 76
90 68
34 15
53 68
30 5
71 10
25 66
54 83
13 51
94 85
11 62
15 40
76 72
62 26
49 51
53 90
62 16
65 9
30 35
37 90
77 79
15 37
40 81
82 43
68 18
40 47
68 46
5 79
49 83
11 5
26 83
17 38
71 49
65 28
19 58
80 4
89 50
89 55
33 98
69 31
98 98
72 3
35 2
97 41
89 26
58 4
61 13
90 69
34 36
19 60
75 49
12 41
14 73
1 87
3 53
45 5
49 84
24 69
73 41
66 18
99 10
29 92
3 83
70 82
11 7
10 28
37 6
7 41
26 77
23 50
26 68
75 1
64 81
78 57
94 65
69 28
59 17
98 50
29 52
82 33
8 69
89 1
45 4
9 23
17 52
25 45
88 73
59 79
70 99
84 14
92 31
62 41
69 91
67 75
54 76
2 67
57 76
83 19
59 92
90 56
14 34
62 63
61 71
23 45
98 32
3 54
66 78
83 78
66 68
19 99
45 62
61 40
17 66
3 86
10 9
59 99
13 8
76 25
95 74
82 44
37 1
87 92
71 86
27 1
59 39
77 80
94 30
35 38
93 16
22 93
41 67
6 1
89 44
93 81
3 99
79 35
92 13
23 32
34 82
2 66
26 58
54 96
13 41
84 49
7 80
16 2
22 43
18 71
57 12
77 36
3 80
6 75
1 80
26 28
50 92
11 78
55 4
34 57
4 96
29 28
9 70
79 2
82 78
7 15
34 89
46 51
73 86
77 92
18 31
42 25
98 66
2 99
67 90
10 74
88 95
73 52
48 74
98 70
3 46
86 43
67 87
53 9
10 99
28 57
92 44
92 47
90 68
56 91
48 79
56 51
56 36
78 95
42 90
24 4
49 55
83 93
14 66
82 21
78 72
13 42
19 18
77 99
70 95
64 75
54 37
39 10
5 30
66 73
37 66
81 3
55 89
55 10
21 13
30 87
43 4
70 89
90 18
86 56
33 62
1 37
40 84
75 21
61 91
49 54
7 17
15 46
5 47
79 76
59 33
19 95
53 78
55 48
51 95
33 37
52 98
55 16
77 88
67 59
58 37
95 94
55 15
25 69
51 22
17 79
6 40
27 16
67 67
37 10
9 87
50 74
69 79
3 74
11 36
6 35
77 39
57 43
1 36
91 83
15 31
28 9
21 18
88 99
39 64
17 88
99 58
34 88
50 34
29 5
10 91
59 2
70 86
27 20
7 98
30 33
16 56
35 80
56 85
32 71
59 25
98 34
4 96
80 89
79 43
67 31
77 13
48 34
59 59
92 23
23 72
11 28
25 4
41 64
99 25
70 17
33 78
15 35
75 46
80 27
53 62
39 95
33 34
25 13
19 89
53 82
74 8
84 87
8 38
50 1
71 22
90 83
21 90
15 93
8 83
6 73
85 2
51 22
86 45
82 43
77 90
28 11
35 56
50 23
11 3
28 11
49 65
48 55
20 6
41 94
2 49
25 52
73 99
71 81
10 5
6 84
1 12
69 58
67 34
70 55
82 67
74 26
2 41
83 11
19 67
77 86
78 4
89 8
75 29
83 82
84 31
70 69
27 24
62 91
73 23
44 90
20 70
3 50
42 47
4 19
68 68
4 11
76 39
3 4
13 81
11 76
59 27
12 23
67 28
96 87
45 91
67 95
38 98
56 66
31 37
90 37
56 37
64 47
7 86
30 30
76 24
95 45
78 31
66 79
75 67
10 27
28 62
19 41
71 30
62 12
54 36
15 55
19 51
37 64
10 63
42 31
12 2
59 82
19 21
97 37
31 3
94 82
87 51
64 91
77 18
39 25
76 77
76 62
16 36
39 61
92 34
90 99
86 87
61 11
81 59
34 79
68 10
94 70
37 27
45 70
40 95
31 62
33 63
99 4
61 70
88 8
74 80
48 8
80 3
64 72
53 72
34 81
72 2
79 81
1 96
44 49
6 47
99 42
20 17
77 94
63 97
5 73
55 22
29 14
92 74
19 22
48 93
60 45
44 22
77 75
63 92
83 37
16 21
69 40
31 31
29 7
73 30
97 74
96 89
59 61
56 57
33 87
7 6
32 90
48 15
78 49
37 64
24 86
53 77
41 1
83 35
37 81
46 5
58 3
22 27
20 26
50 24
54 20
14 7
75 72
35 10
49 52
70 6
17 50
15 58
24 87
40 84
70 31
26 57
33 63
69 1
40 4
66 74
32 34
72 97
90 47
27 87
26 65
2 75
28 79
80 45
97 46
39 11
56 4
14 11
61 76
3 74
99 89
3 31
28 33
59 49
94 49
14 10
54 21
85 3
37 78
59 73
47 34
12 63
54 34
37 29
51 81
94 77
16 22
82 41
51 90
51 47
55 40
11 64
46 89
65 60
14 23
57 27
73 13
67 21
90 77
79 35
78 72
97 75
57 49
7 28
23 92
57 51
44 56
41 26
70 64
63 76
45 54
27 90
52 68
65 5
42 24
46 82
73 71
41 31
30 56
21 3
2 80
69 21
51 47
42 36
57 32
41 28
85 92
16 78
12 87
41 59
19 31
78 71
8 31
28 6
88 94
28 52
99 78
68 93
28 82
36 81
62 24
96 78
90 66
71 95
99 11
84 86
76 61
73 32
15 38
85 99
19 27
58 96
5 80
77 44
21 56
55 15
41 4
50 88
69 49
76 39
68 13
92 18
40 30
30 98
9 83
28 3
9 26
81 26
99 69
79 89
64 89
46 50
5 30
47 2
12 17
1 71
55 24
78 54
17 80
99 53
77 86
5 10
6 44
19 65
67 9
1 99
97 53
87 20
86 15
41 78
7 66
36 21
11 69
16 60
5 13
35 75
93 28
36 72
43 3
45 27
68 37
69 66
43 42
3 4
25 67
81 94
39 81
12 24
44 60
14 78
79 17
35 7
68 99
84 82
51 71
4 78
80 77
91 60
83 20
25 15
92 8
91 30
22 73
28 18
50 9
43 87
81 71
82 4
87 8
55 48
97 81
75 20
51 30
14 12
21 75
40 40
4 41
20 9
36 6
85 50
55 29
5 78
84 77
19 18
35 5
54 75
18 42
62 16
49 7
88 13
51 54
91 78
4 7
73 76
41 67
33 71
16 8
79 20
61 97
54 36
36 59
78 97
30 54
14 34
52 15
2 46
91 41
31 23
66 17
32 44
88 6
93 79
84 12
59 77
4 97
91 38
62 96
41 4
59 33
25 47
86 64
57 17
71 33
99 29
38 14
89 67
42 4
99 42
94 12
42 73
92 82
77 93
92 29
62 71
81 39
11 64
3 17
71 36
70 67
37 48
53 39
36 22
33 28
85 59
33 17
45 66
87 55
28 99
83 62
69 25
86 91
60 70
12 59
79 31
10 21
34 74
63 2
57 73
25 67
75 41
14 1
83 22
2 44
27 46
21 99
93 21
54 92
67 29
74 37
62 5
53 53
79 28
26 69
38 61
55 13
40 34
28 78
94 31
44 31
87 38
71 48
42 21
74 21
76 23
8 13
11 12
80 80
94 93
13 42
26 60
60 60
28 12
43 61
94 69
76 36
15 50
25 36
21 87
26 93
8 69
31 95
78 77
45 13
56 88
2 91
72 25
79 24
64 37
92 34
28 42
94 87
29 51
68 55
91 5
19 15
26 56
38 91
10 44
23 97
87 24
43 21
22 14
4 21
90 96
17 77
40 44
77 18
89 78
34 10
54 55
38 17
57 53
62 8
40 79
71 75
15 80
50 4
6 80
85 26
9 5
27 52
98 61
30 26
61 68
62 42
29 71
84 32
78 41
55 38
91 36
4 16
30 43
98 64
7 4
35 76
44 38
99 63
79 74
60 85
10 88
51 62
51 72
71 60
34 37
29 61
25 8
31 85
52 78
30 1
48 8
4 51
38 13
18 52
73 79
91 70
13 34
14 77
32 98
7 73
89 15
22 6
6 69
41 6
14 16
83 9
47 78
6 96
22 34
74 88
28 7
1 8
82 26
91 44
4 62
60 36
15 97
13 37
39 76
70 15
46 86
1 76
35 29
98 55
59 4
24 34
29 46
17 50
54 23
15 52
94 46
2 57
22 9
85 88
83 48
19 69
48 35
97 32
93 81
15 39
2 24
8 36
92 39
65 45
36 46
48 62
41 68
34 35
45 6
24 5
15 72
97 42
38 7
31 21
97 66
17 35
60 31
88 18
90 32
41 15
86 37
38 27
93 52
38 11
1 13
9 39
87 42
36 83
96 45
1 34
68 47
62 28
98 16
83 91
46 81
43 94
35 53
7 53
92 10
31 17
15 26
49 89
11 6
26 91
49 49
41 82
27 74
42 17
57 29
40 97
92 55
80 14
2 81
42 86
54 24
90 96
40 80
88 78
90 13
24 69
83 66
97 94
64 99
16 39
72 64
70 73
83 96
60 78
13 37
62 19
39 84
21 80
65 65
40 71
26 43
20 15
86 42
54 93
43 76
70 72
14 76
88 39
79 64
46 13
3 36
1 87
98 57
37 47
4 33
59 92
64 87
75 14
90 62
15 70
19 2
30 34
93 44
24 43
28 73
25 76
48 66
21 60
44 86
1 55
40 90
50 51
80 42
12 11
36 23
28 8
82 59
54 76
79 96
88 99
84 79
80 18
94 77
2 16
88 19
30 54
89 97
70 56
32 54
79 98
41 7
15 89
67 41
16 48
99 74
74 96
5 34
95 6
78 14
50 22
76 77
61 95
81 84
24 12
54 31
98 39
61 28
96 79
79 24
3 8
18 44
29 3
26 89
60 34
19 32
73 99
72 57
77 73
24 47
58 88
6 90
5 61
8 87
70 94
98 58
40 28
4 5
25 5
16 23
10 39
27 88
76 46
64 8
13 57
85 5
87 16
90 85
18 94
47 8
62 83
4 78
29 64
66 70
94 6
29 61
59 63
82 39
44 80
77 92
55 22
5 25
28 96
21 15
84 13
30 52
69 21
89 17
75 4
61 30
75 72
28 25
48 12
63 48
36 79
63 99
1 13
73 59
79 67
30 17
83 8
70 25
81 14
69 43
24 24
75 38
1 72
48 88
80 7
25 86
36 88
85 10
1 91
70 99
63 95
53 49
31 46
96 17
14 44
13 62
25 80
27 68
95 5
6 4
26 44
65 81
35 17
36 7
48 92
34 41
70 43
73 37
21 76
29 77
2 2
86 38
80 68
8 94
53 57
81 2
11 76
67 12
43 39
73 66
94 63
55 85
40 83
69 62
46 22
73 41
62 25
77 57
73 93
57 81
66 41
50 48
63 4
39 30
59 17
88 9
68 24
35 90
84 11
28 73
99 4
15 68
26 33
77 71
76 63
35 59
61 36
75 19
7 81
15 45
55 85
20 24
96 63
29 99
19 15
33 38
80 53
48 99
59 8
10 45
77 93
44 19
81 29
52 25
77 89
72 62
6 96
16 3
78 24
52 49
51 62
30 26
2 43
11 5
84 61
77 28
54 1
1 10
44 22
41 14
40 22
71 7
13 53
93 96
50 18
58 6
30 94
30 38
95 54
73 81
46 14
8 90
54 46
53 62
3 63
89 91
33 63
56 63
95 82
79 19
93 99
72 48
40 38
1 39
50 94
79 9
10 27
89 19
67 68
26 63
56 27
86 3
77 98
46 89
45 75
2 12
46 33
8 24
72 75
56 30
45 61
59 18
58 42
80 13
3 90
18 33
8 57
15 91
46 47
11 17
14 22
87 33
88 40
72 16
11 51
38 83
50 41
29 47
79 3
61 89
97 47
52 95
23 32
28 75
51 70
24 81
27 92
48 67
17 80
84 56
85 42
63 60
37 3
67 33
91 39
60 15
29 66
60 33
33 9
94 43
1 85
9 27
25 30
37 4
2 58
45 26
81 80
25 81
60 50
39 90
59 22
37 81
3 62
83 25
63 12
25 10
83 16
27 3
88 72
17 6
57 52
31 8
64 93
41 48
39 50
92 19
8 47
92 39
99 26
6 82
51 27
82 98
41 64
30 22
42 75
53 28
79 99
25 15
21 31
64 46
72 7
30 9
43 39
9 25
58 35
43 59
16 99
30 55
16 25
12 32
62 14
22 42
96 29
33 32
37 45
97 27
79 93
95 64
91 77
60 60
17 13
38 44
73 54
30 2
38 98
88 57
30 18
40 34
39 35
31 46
48 66
78 12
27 66
97 29
23 82
60 64
31 36
1 29
4 60
44 40
92 46
40 98
13 41
55 28
32 51
30 35
61 90
45 68
90 25
34 7
59 2
75 95
56 77
75 37
48 96
55 69
18 15
44 57
63 54
68 61
84 36
76 28
46 11
15 68
14 36
76 17
9 2
90 65
94 89
43 67
98 67
14 32
99 55
71 1
71 58
64 61
35 7
52 16
8 95
30 29
55 85
47 10
81 96
37 48
86 79
24 63
18 89
80 99
91 48
83 1
74 16
1 84
49 56
46 85
79 52
77 29
81 71
52 29
39 9
31 83
7 58
7 43
57 88
18 21
16 1
34 33
76 73
73 49
31 10
77 45
33 41
70 44
49 10
18 8
77 70
96 1
14 8
83 49
4 42
74 73
28 90
92 37
93 29
38 79
66 34
95 39
17 48
40 79
14 94
80 96
78 30
19 40
76 94
45 53
14 35
66 41
2 75
88 87
17 96
19 79
50 2
59 5
62 21
95 19
73 3
33 22
7 14
29 66
70 87
93 51
58 34
57 62
59 47
74 43
69 47
98 61
76 32
73 4
12 3
30 99
79 31
45 67
46 59
42 30
84 14
82 63
60 55
38 87
15 35
61 85
70 3
58 87
84 18
6 93
6 6
48 33
7 64
1 65
27 45
67 69
98 47
31 38
20 77
3 57
74 18
61 13
50 85
20 42
31 24
93 11
5 49
40 49
81 47
20 80
82 92
14 91
10 50
5 73
72 45
1 4
45 45
65 74
41 74
72 68
22 91
17 98
48 73
68 80
66 55
31 84
80 81
90 11
29 37
41 23
97 45
29 96
78 64
5 29
36 23
42 57
33 45
73 48
59 16
72 82
62 45
18 34
61 33
57 61
32 22
78 88
44 61
57 8
40 53
36 72
3 78
93 58
30 79
50 32
18 6
46 59
98 79
68 60
47 43
65 13
83 84
69 5
47 71
48 6
40 60
44 76
43 3
3 26
21 82
10 45
98 70
19 35
74 98
87 79
50 21
11 59
36 95
66 21
22 49
61 11
26 77
29 75
73 5
43 60
30 98
73 44
75 76
44 8
11 88
19 60
27 26
34 55
41 7
37 83
41 9
70 92
14 46
86 46
85 58
47 50
71 50
11 75
76 8
46 56
19 35
78 50
89 61
83 54
7 83
56 98
39 50
47 15
85 49
85 47
22 32
88 59
41 59
4 57
67 55
59 31
70 95
64 10
80 88
16 84
48 64
89 34
65 40
14 34
72 93
75 73
15 58
32 99
52 60
83 77
70 63
70 27
92 87
33 53
53 84
85 38
23 6
80 61
98 88
40 53
38 41
12 1
8 45
27 28
13 34
19 51
94 92
4 64
67 11
10 12
37 42
28 8
52 60
94 8
45 4
26 51
1 59
73 32
60 54
94 56
62 29
67 70
80 80
94 94
56 81
86 16
57 90
82 11
80 80
27 82
89 18
14 68
6 87
95 33
17 71
14 48
44 91
63 69
3 22
90 49
6 18
99 87
67 46
30 91
51 83
86 31
43 78
57 21
72 59
2 20
32 91
40 94
70 79
5 70
86 81
71 38
41 50
38 20
8 13
76 62
32 57
81 84
73 34
14 37
58 38
3 13
44 7
61 8
41 81
74 20
68 8
94 56
68 47
10 68
61 3
95 81
17 48
50 59
72 93
4 6
2 93
19 61
58 99
75 89
90 72
91 96
24 7
73 9
60 80
13 40
65 35
30 23
15 13
85 72
25 85
85 50
52 46
17 35
92 38
33 45
36 45
77 23
7 59
10 55
36 67
28 35
97 7
51 52
16 43
52 71
53 10
91 3
11 33
87 2
29 75
36 85
61 2
31 51
57 68
56 78
8 39
83 39
14 27
20 47
48 80
84 39
43 37
92 32
59 57
56 90
48 75
80 51
86 24
55 17
26 8
16 52
3 53
75 48
72 17
28 82
5 10
63 66
42 23
31 57
14 49
21 8
60 56
98 98
66 31
16 27
55 98
46 72
34 41
78 71
18 74
40 61
10 33
53 39
16 40
95 54
30 29
39 72
20 8
38 92
40 10
64 68
93 58
90 15
14 22
18 24
16 30
64 49
57 93
15 23
55 93
50 76
94 26
69 25
45 36
78 78
13 16
26 11
13 89
54 88
86 7
67 13
30 36
15 61
67 31
8 25
74 76
56 2
7 66
95 48
45 94
55 4
29 10
50 21
34 4
57 43
76 55
9 41
99 6
5 90
5 70
94 11
35 22
68 52
57 79
34 37
58 16
91 48
23 93
96 89
60 93
1 54
67 26
74 74
25 3
7 12
27 21
84 13
59 3
52 75
42 73
39 9
84 31
46 19
23 31
54 19
83 57
63 58
70 95
88 53
83 71
76 96
72 77
74 16
22 63
66 81
4 67
71 35
24 67
68 79
61 62
65 65
63 80
71 62
89 46
11 27
9 38
54 67
52 56
38 82
9 52
78 67
32 70
87 88
95 15
27 23
3 51
11 2
25 80
39 18
73 4
73 89
55 35
62 42
42 94
82 8
55 72
39 42
25 88
48 9
78 63
94 71
34 49
51 65
32 84
33 15
22 3
42 7
61 14
63 67
55 72
87 22
21 29
21 21
59 74
76 19
73 62
35 77
62 3
62 26
34 96
85 22
61 35
7 78
60 47
78 82
32 24
75 57
79 28
48 46
68 47
1 54
12 29
58 97
98 59
16 97
41 39
70 26
26 73
2 26
84 36
23 65
21 93
9 67
35 73
72 14
64 12
83 55
3 87
92 75
87 42
41 26
99 63
53 33
14 97
35 18
65 67
38 91
37 87
61 34
88 26
74 51
43 23
92 4
66 61
73 88
52 96
84 33
39 45
43 74
37 66
94 43
22 46
87 88
24 2
68 83
86 13
2 40
73 65
78 32
63 75
15 72
32 65
24 16
73 89
40 42
76 21
12 89
37 33
65 49
37 65
36 77
37 84
92 85
40 25
65 64
34 26
21 75
94 33
88 49
40 3
9 79
37 28
9 38
64 41
41 56
52 55
76 26
12 44
53 90
96 56
70 31
70 50
11 63
98 47
69 60
20 92
33 49
71 30
96 61
98 43
86 62
40 24
48 19
52 65
40 16
21 70
4 43
52 57
75 47
93 4
93 18
74 83
32 92
31 46
41 29
57 75
85 61
84 42
37 61
99 62
14 89
51 78
99 65
38 1
49 95
86 94
63 6
8 44
78 20
18 86
32 4
54 48
92 58
8 75
39 55
97 87
80 21
80 6
8 48
84 6
37 23
6 13
87 95
24 5
21 51
21 72
66 22
13 19
55 40
35 64
12 9
92 20
63 1
25 30
92 19
25 83
59 35
53 37
74 65
17 26
62 88
30 87
29 81
20 8
64 14
99 56
98 23
15 16
10 88
3 65
26 58
61 98
4 37
82 61
49 91
4 68
72 64
23 80
92 99
28 46
42 93
62 55
26 69
84 90
37 21
45 14
50 12
48 23
61 92
87 52
69 48
29 14
69 44
9 84
37 81
39 67
96 51
41 1
53 53
61 29
58 4
88 96
92 96
53 45
55 75
15 73
98 41
38 21
58 78
83 43
1 50
45 22
43 23
44 26
20 13
50 71
90 72
81 94
86 74
99 24
29 67
44 17
83 70
28 74
14 31
47 18
39 32
23 99
81 47
34 81
61 90
21 70
44 39
5 11
22 31
16 68
10 24
12 66
94 76
95 91
98 89
76 33
12 82
76 55
85 87
76 12
55 31
19 12
87 53
89 83
42 26
81 54
24 56
12 26
29 64
86 2
87 8
38 75
19 98
30 64
64 71
25 58
54 2
81 37
40 53
45 37
58 47
81 42
83 28
3 99
68 16
36 66
50 28
93 22
72 16
69 57
58 68
19 99
24 91
7 62
8 89
21 30
8 7
56 50
2 77
82 33
40 2
95 81
39 92
84 26
24 94
85 30
2 78
97 45
17 8
30 12
3 86
99 26
54 99
64 23
8 59
15 86
95 23
15 56
47 75
9 53
33 55
82 7
99 61
13 91
51 77
51 15
47 96
31 2
82 13
95 94
14 70
83 45
17 77
91 37
55 44
58 2
81 58
4 45
44 44
1 30
50 6
50 11
50 2
15 72
25 3
89 54
39 65
58 15
31 8
9 62
64 39
56 65
71 29
49 24
68 61
60 49
95 87
99 1
22 5
19 16
27 66
50 29
90 45
96 25
40 8
49 35
68 43
52 66
46 92
66 79
70 78
17 1
96 40
80 49
63 67
47 56
69 84
13 9
45 94
41 91
77 89
31 66
80 7
30 84
88 24
31 94
14 77
9 63
48 83
83 97
42 61
90 62
34 8
73 24
2 83
4 94
47 71
22 72
25 88
63 34
45 26
98 30
68 26
21 36
70 70
90 25
7 79
40 1
24 81
19 24
72 2
85 44
43 59
88 96
56 13
23 33
64 48
94 71
30 52
76 45
84 10
1 63
11 99
25 17
81 19
83 30
82 60
97 19
20 97
32 18
80 33
90 67
28 23
21 23
54 24
40 22
34 29
1 38
23 63
46 83
85 17
74 52
3 51
68 67
44 9
95 35
68 30
98 55
22 33
3 21
4 1
97 7
44 1
31 32
92 56
92 72
5 1
39 73
68 13
65 95
15 5
11 63
5 83
27 14
50 79
18 22
50 20
98 93
11 94
14 42
5 33
13 70
33 22
40 21
87 23
54 40
38 17
52 34
5 32
28 26
27 12
56 37
45 90
1 98
6 75
62 62
97 16
62 6
73 82
99 87
86 37
9 67
97 68
30 88
79 71
89 36
44 84
70 76
39 44
64 48
75 83
6 18
42 14
88 31
72 37
71 85
3 43
79 67
58 33
3 92
61 38
83 85
58 66
69 45
53 29
87 18
54 12
60 10
24 98
52 3
11 49
40 23
35 81
81 35
1 70
80 11
9 75
13 3
21 36
11 2
57 69
63 38
75 1
82 35
94 66
58 27
21 46
32 79
12 25
92 23
67 58
17 22
32 58
80 12
8 40
12 77
75 88
40 51
70 30
70 92
10 44
30 4
19 35
91 45
83 7
28 21
88 50
45 79
6 11
27 88
74 2
97 57
21 5
77 12
13 90
7 14
84 54
97 1
81 74
5 50
18 86
36 57
40 6
2 50
62 12
3 16
80 11
62 42
58 55
94 75
80 16
9 22
44 71
96 84
8 61
33 95
4 30
1 67
72 72
14 27
53 22
27 22
44 30
15 49
57 86
17 59
42 30
67 67
56 16
48 16
29 30
48 27
30 88
27 68
78 73
74 96
77 33
61 40
91 88
11 79
51 28
4 66
75 64
96 25
93 48
98 89
53 2
12 87
25 54
8 35
34 21
25 42
10 58
81 82
50 43
46 50
56 68
82 10
3 18
29 82
87 60
33 32
78 5
44 70
97 68
96 96
4 7
23 93
69 83
19 80
4 19
96 12
54 82
51 14
73 75
9 37
7 64
53 63
41 34
10 1
95 68
34 83
94 34
84 38
7 94
45 19
87 25
6 56
13 7
70 18
58 33
92 68
43 9
55 7
20 11
21 52
24 89
98 54
38 93
1 37
68 94
81 26
32 2
64 50
13 13
26 36
96 46
91 96
90 3
49 49
17 22
32 48
86 10
44 88
32 59
68 94
43 27
14 20
21 18
83 50
72 3
45 48
44 34
96 44
14 33
4 7
18 95
45 6
84 20
79 71
69 54
18 91
34 38
35 86
25 42
85 29
3 58
76 13
93 2
73 90
42 42
15 64
66 52
74 5
82 41
21 43
19 48
4 49
18 50
26 61
76 39
80 76
3 51
63 27
3 11
6 82
23 39
56 15
41 2
9 66
56 63
83 74
87 11
70 56
34 64
44 29
96 36
3 53
68 10
66 31
93 77
87 56
99 23
25 90
23 10
32 35
79 84
41 8
28 89
40 95
36 85
75 94
31 69
78 91
71 88
16 89
60 61
55 99
7 30
13 22
50 53
34 96
62 61
15 96
96 14
65 46
51 26
36 8
61 25
37 77
13 99
13 3
66 26
55 62
69 74
35 56
20 75
31 70
85 86
56 81
42 9
24 8
88 41
15 68
64 97
42 9
14 28
39 68
85 80
55 53
89 21
33 59
37 24
9 97
1 40
63 63
68 41
57 8
18 13
47 97
97 96
59 52
97 55
85 70
53 39
65 29
17 24
85 29
45 13
71 55
27 77
98 56
62 33
7 67
62 67
54 22
34 94
38 10
35 63
98 88
14 96
79 24
66 1
6 72
81 58
53 16
12 23
65 30
59 38
14 37
37 6
47 91
71 24
71 27
90 15
30 14
11 66
20 31
59 59
22 65
85 52
34 67
34 83
13 5
80 40
64 37
48 57
10 7
45 12
38 20
29 48
35 94
55 29
86 24
80 15
22 41
79 13
3 88
86 48
47 8
52 39
67 63
83 23
87 20
63 4
5 27
38 80
62 10
3 27
30 45
47 53
75 69
35 44
23 32
93 38
34 99
18 99
91 9
78 96
86 54
6 64
28 46
89 85
52 97
98 89
23 48
68 27
22 36
44 31
52 52
21 45
30 53
88 46
32 35
11 38
26 86
20 78
4 47
68 19
99 8
91 74
56 2
58 97
82 68
15 86
33 52
96 47
93 39
36 45
7 49
59 27
13 12
6 70
59 76
89 69
22 83
34 59
97 3
7 46
41 61
93 71
17 22
92 80
12 73
59 51
82 93
37 75
31 51
29 78
16 55
23 23
50 31
81 28
37 75
36 44
55 3
49 64
6 64
35 45
97 81
97 2
63 18
81 22
72 44
11 88
32 7
12 85
23 10
61 36
29 75
82 64
60 30
63 41
52 67
42 51
78 90
59 47
62 70
49 48
72 3
69 79
34 72
65 56
80 88
69 23
96 38
64 28
1 64
14 57
22 47
73 14
22 4
97 51
24 97
13 13
77 8
53 80
12 73
85 55
86 91
50 82
71 36
57 79
7 63
66 89
90 37
63 47
29 81
30 16
43 90
97 13
83 38
22 34
22 84
7 19
77 22
16 43
83 38
56 54
62 61
15 52
68 39
9 69
53 23
96 62
59 73
94 71
51 96
6 54
7 43
54 86
41 33
28 69
38 38
52 61
30 99
27 9
54 79
32 81
21 6
91 85
39 20
38 16
50 56
3 55
56 97
71 4
92 32
67 10
89 21
73 27
21 99
85 82
24 5
60 31
62 26
85 4
15 51
91 43
82 98
71 66
16 36
34 67
83 39
87 44
12 62
12 21
9 82
34 77
43 65
46 5
24 66
69 47
74 88
49 84
73 33
33 48
11 90
70 48
94 54
18 36
93 98
72 88
96 93
36 51
51 97
65 3
35 2
46 17
20 42
88 90
24 87
63 23
63 84
45 21
52 5
15 42
48 11
86 51
12 78
29 78
55 23
79 12
75 28
60 24
64 29
95 26
1 45
88 3
6 90
7 81
97 48
83 82
58 39
55 97
66 97
75 63
36 76
40 41
59 21
16 86
2 4
12 40
98 13
70 37
77 94
20 15
19 36
51 89
57 64
86 39
47 68
70 48
75 71
8 92
65 21
1 65
97 80
80 67
22 22
51 76
1 14
56 45
76 74
5 43
23 97
12 65
86 92
62 69
83 74
8 78
17 57
5 68
68 64
30 98
15 99
6 65
47 76
14 62
25 59
34 13
48 35
68 42
31 79
90 75
7 83
72 72
79 15
93 4
69 93
2 53
92 40
66 85
5 94
28 80
53 29
11 34
10 70
7 52
11 15
74 33
85 49
95 13
4 12
54 60
98 25
18 25
33 32
45 42
96 93
5 48
28 98
19 35
88 13
30 54
64 98
95 9
63 22
23 31
3 24
60 37
93 10
72 3
36 57
6 45
43 69
72 83
28 97
63 57
71 16
8 6
51 94
2 18
52 23
50 54
39 40
81 31
94 78
30 23
81 83
74 28
91 78
52 87
24 35
93 61
38 75
78 68
53 53
32 66
93 50
2 36
6 44
39 50
67 96
48 50
22 17
11 35
30 10
78 74
95 72
49 18
74 70
63 30
84 4
12 3
91 81
90 51
25 74
60 64
29 31
68 11
79 53
17 96
94 45
50 57
69 62
38 38
22 46
92 49
47 91
87 91
90 50
29 75
2 41
99 42
29 64
67 92
12 1
30 96
26 72
16 85
36 47
97 29
5 2
29 84
59 55
74 2
35 81
52 93
95 32
63 99
43 29
47 2
32 8
35 99
35 55
66 53
5 88
71 7
40 41
44 95
18 18
45 68
14 86
81 68
65 24
63 3
21 52
91 98
26 87
87 64
74 2
3 34
14 67
29 9
33 37
49 85
82 8
64 20
72 38
27 26
87 81
57 3
98 1
53 35
54 16
67 43
8 18
62 34
48 35
94 22
27 75
21 93
87 97
65 13
16 56
8 85
12 90
17 7
84 25
38 97
26 52
1 21
93 63
23 2
47 12
83 49
10 65
31 12
42 74
66 94
92 87
38 28
48 32
55 38
64 42
83 23
88 27
24 3
45 11
56 43
7 52
4 21
66 80
45 53
40 42
53 33
37 2
24 80
4 29
42 97
29 24
13 2
59 70
12 31
63 98
64 95
14 95
68 19
25 48
65 15
30 99
77 90
11 38
97 86
86 42
69 98
19 88
88 32
77 52
52 18
24 73
79 37
84 92
65 77
79 44
30 49
96 79
69 60
65 78
54 76
18 43
69 90
18 10
90 98
80 14
21 16
73 95
35 22
48 10
46 15
16 31
91 82
4 33
5 87
29 66
87 16
21 14
5 33
30 47
57 47
96 8
87 43
95 76
94 12
23 72
34 95
75 12
50 48
58 51
61 42
79 50
84 11
43 27
74 52
25 41
53 61
58 21
60 64
59 34
60 61
48 23
87 94
38 27
34 6
29 92
91 32
74 51
22 3
21 99
52 3
69 60
28 9
48 55
55 46
60 51
69 39
9 2
98 82
68 8
54 72
97 77
60 43
94 52
27 55
54 85
50 72
13 8
18 48
39 28
21 38
40 16
67 86
11 14
16 33
43 30
32 96
48 25
13 56
44 71
61 21
4 5
57 2
87 35
1 67
50 65
1 13
93 39
50 44
97 70
55 78
99 39
86 47
11 24
22 66
11 60
43 99
83 88
44 5
90 80
33 30
20 59
25 66
10 72
14 3
63 10
54 15
33 3
87 4
51 59
16 60
85 98
82 9
70 78
14 94
31 43
4 6
30 93
23 24
45 70
50 5
89 27
21 54
49 65
52 73
93 58
40 19
79 42
50 91
70 4
67 92
80 38
52 82
40 78
65 7
47 70
68 49
78 53
88 75
8 71
33 90
95 91
83 84
86 60
78 93
80 74
33 42
1 61
22 39
29 17
5 45
78 68
33 66
81 51
79 60
37 98
82 3
2 26
31 23
27 13
48 47
62 26
24 19
61 78
54 4
33 10
52 12
28 38
3 91
50 4
86 23
71 71
81 22
42 15
53 17
33 32
69 38
33 19
79 11
69 24
39 56
30 48
21 76
36 86
5 37
41 1
2 57
92 13
32 17
57 10
4 24
24 10
95 43
24 24
33 14
35 45
45 37
58 93
10 65
28 79
27 93
15 18
67 59
79 25
75 92
43 25
92 55
20 62
22 15
75 48
40 74
24 55
81 27
97 18
5 21
55 29
30 33
3 34
43 70
69 32
24 59
61 24
62 14
75 75
61 36
52 50
85 47
82 94
15 47
4 33
79 11
34 36
37 50
67 22
31 2
38 53
81 89
97 91
24 56
85 88
30 20
30 76
12 16
71 82
41 99
31 54
81 22
82 66
84 66
13 6
28 26
42 31
82 84
32 42
72 68
15 94
38 76
90 83
46 40
45 38
72 53
4 6
63 19
65 83
18 62
20 15
56 94
83 91
79 36
11 20
88 71
46 84
55 40
33 44
97 19
33 18
47 61
53 90
64 74
63 24
33 86
79 45
50 57
59 43
60 7
10 40
86 56
12 78
25 94
48 23
2 62
81 38
35 16
11 22
85 38
67 35
74 36
77 1
8 44
28 26
84 52
18 27
24 99
52 71
69 22
61 13
14 13
23 82
4 83
32 7
15 81
59 76
45 34
79 26
69 91
47 70
86 43
14 79
79 17
20 11
20 23
76 49
14 50
77 17
53 3
83 55
23 3
5 6
57 9
32 89
30 19
67 4
38 29
9 64
65 53
95 70
35 79
44 25
81 40
80 73
17 91
44 91
23 53
91 78
65 24
68 94
88 12
3 8
33 37
43 29
88 57
30 8
27 66
68 44
63 7
88 74
41 60
80 91
88 78
14 76
29 32
76 77
50 48
72 14
11 56
99 32
72 95
10 58
69 73
85 40
12 91
97 25
20 50
39 82
95 46
98 85
12 64
41 7
42 39
36 20
32 70
76 66
27 80
5 44
41 87
57 24
46 29
9 14
60 2
14 79
39 32
52 58
17 80
81 44
61 68
83 92
73 51
5 39
52 62
93 30
40 13
73 60
8 20
26 48
77 88
92 71
87 21
16 58
9 59
60 89
85 33
98 75
66 21
12 51
29 32
7 11
86 40
77 98
38 82
24 94
15 64
50 13
95 49
10 65
83 74
37 37
98 28
86 68
74 16
68 69
96 5
74 62
64 81
3 89
55 46
75 55
71 34
95 35
4 46
40 91
29 12
37 80
52 3
65 87
95 55
31 54
2 4
8 40
90 47
11 80
75 59
33 25
46 74
8 18
19 34
58 96
27 91
81 27
69 92
47 72
54 5
55 40
41 28
98 74
79 58
17 75
78 54
18 82
12 40
5 21
31 57
32 46
64 17
70 90
96 82
36 51
38 69
7 48
48 20
18 59
88 44
75 57
4 92
93 13
36 63
12 63
95 5
9 93
43 8
7 87
60 36
91 23
55 99
14 3
77 93
63 88
25 89
38 12
82 10
27 81
21 56
36 64
87 63
50 73
73 58
41 4
47 90
71 29
66 45
92 49
85 24
60 62
33 32
33 6
24 21
33 41
40 23
3 80
35 30
28 15
45 68
27 48
99 72
81 78
60 7
22 84
63 21
15 95
85 78
26 21
11 55
17 53
52 41
15 13
47 2
28 19
38 92
57 39
14 46
17 11
17 24
75 5
80 10
64 65
74 55
94 39
77 44
45 57
11 14
20 38
17 54
78 89
97 21
35 90
17 44
28 11
16 36
84 59
94 98
97 62
37 85
65 44
25 52
52 67
12 78
19 73
58 37
34 24
60 60
86 28
52 17
73 24
94 77
78 40
49 82
33 23
78 45
93 54
81 83
52 10
69 6
17 68
21 32
58 50
10 21
64 6
12 60
53 47
59 54
3 60
44 56
46 68
2 94
82 59
11 43
23 85
47 50
53 53
5 92
10 56
53 67
25 89
87 33
15 61
93 78
68 98
31 33
29 72
3 74
21 79
19 21
68 26
28 58
40 52
4 45
11 81
55 8
77 24
67 61
24 74
44 11
47 35
72 88
43 77
10 97
46 36
34 47
75 62
88 44
73 26
63 37
44 77
11 80
82 5
49 54
20 49
7 61
52 94
10 98
13 94
49 28
36 3
1 2
30 8
71 61
61 79
24 71
95 3
6 61
63 96
46 82
92 75
41 28
29 89
59 98
78 29
49 68
70 5
26 49
90 27
81 85
9 62
75 43
81 78
32 57
25 65
85 4
17 99
17 76
77 66
11 87
78 74
60 73
72 87
23 72
79 52
20 74
11 40
37 71
8 88
43 90
3 70
18 58
58 39
88 90
80 53
10 4
41 83
94 80
21 4
52 22
64 94
93 30
82 34
8 43
11 46
75 36
77 91
30 17
47 89
43 97
32 55
42 89
21 83
9 12
92 99
25 70
25 55
4 96
57 72
75 51
62 49
30 7
14 34
97 21
20 5
19 50
89 47
71 98
69 62
46 42
19 55
96 94
85 92
78 25
64 64
71 94
35 2
83 37
82 38
23 75
95 88
56 77
11 26
58 49
73 98
80 93
68 95
93 58
14 83
2 48
43 30
50 64
61 48
92 73
78 48
61 15
57 86
35 78
31 77
97 70
87 47
12 37
73 37
45 85
60 32
8 75
3 99
9 97
40 50
52 17
24 16
42 84
77 80
77 8
34 11
7 26
76 6
50 41
6 8
69 71
41 42
73 16
10 22
61 63
87 11
4 41
97 51
19 74
70 76
99 64
97 48
23 50
53 72
66 73
94 97
66 38
84 68
35 74
94 93
37 65
39 52
88 15
94 7
80 38
1 10
38 59
74 86
71 67
42 88
5 4
34 25
15 73
85 33
20 31
20 69
6 57
9 87
83 94
80 14
97 63
99 90
50 81
77 68
80 58
98 54
4 64
6 59
29 43
32 63
75 87
74 83
32 36
59 17
55 96
33 44
22 5
72 57
23 12
54 91
68 15
98 98
89 15
11 72
80 81
22 32
45 35
80 5
21 14
77 99
10 28
10 91
15 16
55 85
56 52
81 60
65 1
59 2
82 85
40 72
57 89
81 64
57 13
96 75
36 36
85 62
59 36
11 43
39 67
53 21
7 44
44 76
87 62
24 7
4 53
60 77
45 81
26 5
49 2
27 5
39 27
85 88
21 85
8 27
27 70
41 79
1 7
71 30
85 75
33 95
96 47
31 38
74 43
41 74
67 16
89 1
36 64
47 86
21 46
36 6
7 16
73 84
51 44
29 91
63 36
23 44
72 75
30 1
67 72
55 30
34 86
60 76
77 46
44 19
19 51
97 24
73 85
59 59
70 66
66 33
56 53
61 80
12 1
33 6
7 11
44 34
3 78
18 88
1 44
39 75
14 48
34 42
13 10
68 16
51 3
28 91
77 66
52 73
15 79
80 84
2 90
80 84
4 2
58 5
58 10
20 81
45 56
11 66
99 48
44 54
53 23
44 50
35 4
41 27
18 15
99 26
89 7
29 41
28 69
76 98
25 65
85 81
30 97
45 82
24 90
56 42
77 97
71 98
40 98
65 84
60 3
17 83
77 74
78 82
12 72
9 14
45 1
72 76
12 7
6 60
80 40
71 40
32 48
75 23
95 60
38 49
22 37
29 38
72 69
81 79
13 13
4 78
9 96
17 39
95 27
69 49
70 52
33 29
92 96
94 92
26 96
67 85
47 46
34 16
96 34
27 60
68 71
44 11
24 12
64 87
75 6
18 64
47 51
55 74
23 77
27 68
99 3
83 11
69 78
23 63
64 45
70 51
15 82
59 98
31 55
36 90
24 17
94 37
83 44
5 91
85 60
11 37
12 12
86 36
8 54
72 98
83 2
55 17
85 27
1 22
81 2
9 24
2 79
88 97
81 78
60 61
23 31
23 9
89 86
16 83
62 42
31 48
26 10
69 29
57 78
59 56
94 12
66 4
12 6
91 88
5 73
85 12
30 51
86 85
31 63
43 97
30 43
89 80
30 89
56 77
9 58
25 38
24 31
18 70
4 58
83 62
54 59
92 2
30 54
14 62
31 47
55 76
56 51
94 63
75 94
60 46
77 96
63 94
82 47
8 54
55 72
14 45
59 53
26 1
66 35
49 42
76 83
41 93
49 72
23 72
38 19
80 76
32 43
16 65
99 84
3 97
9 6
78 93
95 14
58 3
21 56
61 91
26 68
69 66
21 3
67 80
45 36
90 67
65 1
37 41
3 21
31 20
67 12
65 92
89 41
1 50
19 94
65 12
15 22
27 55
85 38
3 49
8 13
50 18
12 86
66 30
49 10
58 11
95 54
55 81
54 31
6 55
94 68
92 19
66 25
28 90
16 62
9 93
87 94
61 62
50 24
43 79
60 51
50 46
87 22
78 55
30 56
19 87
40 24
24 58
20 86
34 41
7 22
40 17
75 56
88 51
27 5
6 51
48 17
66 50
53 40
59 97
78 19
8 27
95 76
42 97
32 88
79 81
17 44
80 27
26 42
6 56
20 50
24 92
17 45
79 28
61 31
21 22
72 11
8 77
48 35
42 92
92 50
60 98
95 45
68 78
60 69
28 86
79 26
2 64
39 55
75 9
58 67
22 59
38 95
73 68
87 87
24 1
18 58
55 5
25 48
49 14
81 90
36 95
11 86
23 45
98 65
69 26
77 12
83 44
11 58
26 85
4 9
76 40
49 45
26 94
53 21
60 89
44 72
16 4
13 5
55 33
49 63
12 50
45 87
41 67
17 84
49 48
30 81
69 6
86 32
67 23
4 69
46 83
49 73
94 94
45 35
21 16
69 34
52 10
12 94
92 46
55 17
2 34
24 43
42 44
74 93
11 95
63 53
61 22
92 5
89 72
55 59
76 13
85 63
17 2
60 82
84 32
40 17
80 50
77 26
50 12
79 45
4 87
43 14
99 60
19 55
76 51
54 68
72 9
10 79
10 32
28 22
96 39
51 67
89 41
47 86
74 25
1 46
95 70
34 28
36 92
53 27
65 85
72 57
62 50
16 35
14 91
9 2
15 67
97 45
41 80
81 88
26 56
76 82
94 4
39 63
8 37
36 19
79 92
73 67
13 7
60 11
96 41
57 18
17 23
42 25
43 35
1 94
86 6
25 68
74 31
74 54
20 70
99 4
56 20
42 40
51 79
49 8
31 97
17 99
84 11
67 67
30 19
37 26
19 47
21 23
34 66
70 61
41 88
13 98
24 75
2 4
4 2
7 62
30 37
78 55
32 84
51 20
74 41
4 58
70 59
62 63
51 49
30 64
31 53
51 25
44 76
42 47
72 53
45 33
74 22
27 34
46 45
26 30
91 55
7 3
48 23
86 85
75 68
80 61
19 8
6 76
32 61
39 56
77 71
12 24
97 59
32 52
46 73
48 40
49 57
11 40
20 45
45 16
65 97
99 31
75 82
7 64
69 23
4 23
63 50
25 98
68 59
38 59
73 62
41 57
96 47
9 14
44 89
74 33
80 71
84 55
38 35
76 44
78 41
67 79
78 74
43 3
74 35
70 95
40 46
96 35
57 33
9 2
6 72
26 56
76 34
34 91
3 27
17 93
79 25
93 87
81 57
80 72
44 16
21 25
94 11
8 38
79 89
45 10
50 3
47 92
71 32
67 59
59 17
92 71
33 54
1 55
42 1
44 83
89 53
15 42
3 30
89 82
30 88
10 81
99 82
74 72
60 78
81 81
48 17
65 40
76 92
98 75
30 55
25 22
12 69
61 8
32 14
84 1
59 25
42 83
45 37
74 40
84 27
76 70
97 54
65 30
50 3
85 39
40 57
82 18
73 39
61 82
35 10
65 34
34 77
86 11
21 77
76 64
20 43
11 59
78 47
18 24
50 64
84 67
19 8
82 90
42 29
4 11
4 51
44 23
95 71
98 68
88 89
40 34
50 93
82 33
53 98
3 99
79 34
30 2
6 1
44 74
29 39
10 61
88 21
19 30
65 46
4 51
31 46
83 57
36 42
80 44
41 36
89 23
49 40
71 71
76 13
52 65
17 42
25 60
72 2
72 85
81 89
91 99
51 76
32 44
87 38
21 20
64 80
43 60
49 87
53 77
34 68
5 75
97 49
4 93
50 1
92 75
92 2
10 73
81 72
88 52
80 59
61 69
15 65
96 72
97 89
2 12
50 49
68 40
91 9
69 26
23 27
29 63
77 61
38 20
8 52
66 37
82 50
28 58
33 72
78 54
2 59
13 69
99 39
82 81
43 7
75 22
15 69
25 10
69 30
92 21
22 87
33 57
55 22
67 9
11 34
47 59
15 65
4 78
48 89
2 41
63 38
15 60
69 84
47 61
78 48
49 52
10 98
82 1
26 58
89 82
26 27
72 56
99 39
48 42
22 69
2 39
69 90
72 5
77 19
24 24
33 68
7 25
48 33
25 48
75 51
34 67
41 44
91 59
6 67
35 83
17 10
90 52
40 83
94 92
82 4
36 56
45 22
64 43
89 86
27 91
86 97
81 36
49 74
62 51
49 81
2 97
86 84
27 43
62 1
78 29
41 20
52 47
8 95
20 15
66 69
94 84
30 71
9 85
24 59
91 28
18 40
92 74
86 29
71 19
6 75
10 57
49 57
33 19
31 11
93 45
77 9
61 87
19 49
20 62
26 48
59 56
56 38
78 62
26 42
4 72
9 53
31 67
94 9
83 6
7 53
73 52
43 29
41 45
77 27
53 45
70 34
71 2
92 27
33 74
1 92
86 33
64 81
99 64
36 96
63 67
6 99
70 81
78 47
12 18
47 14
95 47
65 74
43 77
65 61
9 91
7 84
82 84
34 44
83 54
44 59
19 86
35 60
98 95
77 31
23 52
49 92
98 87
10 66
85 82
13 81
72 91
95 27
98 74
88 46
60 15
84 52
59 30
47 47
48 56
44 92
96 84
15 12
47 5
80 65
52 75
34 90
3 48
18 16
95 55
17 43
59 56
50 41
65 48
18 27
87 20
99 17
87 7
4 49
45 55
4 41
94 51
24 82
8 42
86 9
56 48
46 23
42 52
68 51
46 48
66 86
29 96
77 79
66 98
94 42
31 82
5 9
65 12
52 9
71 24
40 50
9 34
37 43
48 85
82 6
71 8
18 28
1 21
75 99
28 28
9 47
73 86
39 55
64 45
8 25
20 7
44 22
84 43
35 88
45 87
83 46
83 62
21 40
61 88
66 74
31 53
95 17
20 32
58 63
36 73
6 18
88 59
28 97
88 52
94 85
69 41
3 80
54 4
43 73
71 44
25 11
25 75
65 63
6 65
19 49
6 61
4 69
58 63
71 48
78 62
79 56
11 58
89 86
81 68
36 27
71 56
42 41
29 91
31 26
81 16
57 10
79 61
87 39
69 54
2 29
75 46
74 66
22 85
28 35
37 41
2 23
69 90
62 67
74 53
59 91
37 66
4 76
73 71
42 71
76 16
60 33
97 1
61 39
51 35
96 55
96 90
24 39
74 23
9 5
75 37
13 58
64 18
6 11
72 50
4 22
84 53
52 54
82 84
91 40
26 56
36 47
53 23
66 90
2 64
17 4
71 92
44 44
89 13
16 12
73 26
30 66
94 94
33 50
74 90
31 45
5 95
66 44
63 65
69 39
39 74
6 17
71 96
78 19
13 78
38 94
32 5
43 43
67 43
72 78
3 19
13 14
61 91
8 11
51 90
19 29
32 65
14 57
77 22
23 45
88 49
36 68
88 13
99 44
38 96
1 42
72 88
83 26
27 72
52 97
54 98
70 91
69 67
57 29
38 43
38 76
9 96
15 71
90 72
78 13
90 51
44 83
29 47
10 19
62 62
18 91
23 30
99 72
69 59
94 82
52 88
47 62
80 50
34 12
16 33
67 23
78 15
89 98
55 80
90 90
65 51
97 30
22 18
68 8
28 94
71 14
35 74
62 31
60 48
42 39
72 41
21 66
42 53
30 71
18 18
71 44
93 54
83 9
97 45
97 96
17 14
56 13
83 17
95 47
20 5
36 12
71 15
98 25
28 83
60 29
90 64
40 54
6 38
44 50
93 77
44 25
46 77
79 95
78 27
71 11
65 58
61 87
70 68
81 43
33 65
58 24
99 35
85 53
68 39
91 40
13 34
73 67
96 73
1 7
68 31
39 16
76 42
71 2
22 98
98 36
19 59
9 18
35 79
36 73
30 38
86 73
61 22
95 13
71 57
62 87
45 18
20 52
84 12
16 52
1 83
10 5
78 55
37 60
20 6
31 27
85 37
94 58
3 59
6 79
8 49
40 60
53 19
71 50
25 87
41 82
95 31
74 89
42 25
95 15
10 66
88 42
2 49
19 41
72 38
97 24
99 70
87 56
4 9
73 90
9 76
75 87
50 29
14 6
49 85
13 38
23 54
75 88
36 89
51 26
94 26
55 49
61 1
18 23
56 71
7 85
80 57
1 94
94 24
87 14
43 81
58 4
91 53
15 37
49 76
46 68
82 43
93 64
40 99
55 10
48 8
9 85
40 32
46 64
15 70
49 51
92 17
55 68
6 74
78 17
14 50
6 43
50 8
89 70
58 52
19 31
43 6
97 20
78 87
64 71
56 10
11 84
91 26
71 43
57 2
7 36
30 49
48 88
26 57
12 49
45 81
38 24
4 83
53 97
30 94
36 19
48 61
94 15
37 6
80 74
43 66
68 56
83 18
23 39
81 89
11 3
54 94
12 81
14 92
59 47
55 19
42 63
52 40
87 96
56 68
90 67
18 40
19 98
75 37
3 22
61 11
50 1
48 69
76 81
88 64
51 35
14 35
53 69
32 48
46 30
17 58
56 13
84 71
12 84
41 21
2 57
73 79
59 47
7 25
13 6
50 47
37 34
34 49
15 93
33 80
71 85
4 50
17 66
33 16
19 24
32 11
26 42
3 8
92 73
3 5
94 71
56 70
95 73
84 61
25 19
90 12
76 74
33 52
42 92
19 24
92 37
4 70
68 86
85 40
55 84
1 49
78 81
52 46
48 50
87 71
24 62
4 16
36 40
11 41
14 87
10 16
4 2
33 54
69 98
56 26
18 31
1 75
2 47
78 66
90 75
83 22
79 98
60 7
47 20
67 65
16 62
17 65
77 40
80 17
57 42
74 45
87 14
23 15
70 90
84 38
33 46
45 20
46 68
65 33
11 10
86 24
36 80
32 42
4 10
14 20
57 16
92 20
29 14
74 75
14 26
24 69
16 36
13 16
34 15
65 59
88 7
57 54
17 4
50 89
65 94
49 59
32 76
75 20
37 53
94 76
63 46
83 18
12 27
90 45
46 88
92 3
77 49
82 26
58 52
95 93
69 40
9 13
83 17
92 23
5 83
65 30
18 37
56 31
84 43
36 95
34 37
53 25
90 87
63 17
27 45
68 23
77 10
35 48
58 42
32 21
42 91
55 94
29 47
67 7
77 16
27 74
62 97
99 42
97 50
61 43
60 40
6 29
99 13
57 81
5 3
57 35
88 91
87 29
91 51
37 90
58 47
1 94
21 53
93 85
93 22
67 73
73 37
23 64
83 76
35 20
52 5
67 43
25 46
35 52
24 28
21 29
49 99
22 59
53 16
49 5
85 24
97 75
80 15
42 23
37 58
72 39
80 64
58 69
58 7
97 91
15 87
69 57
3 72
36 52
32 49
1 16
38 20
52 98
92 34
65 71
24 50
9 40
65 2
63 5
77 13
44 28
72 36
74 59
24 43
22 32
88 44
37 70
2 75
74 40
75 64
86 26
35 34
40 84
50 62
29 61
40 58
40 34
15 23
13 77
61 11
78 98
6 22
58 19
8 13
33 62
7 58
37 73
52 77
7 89
12 59
11 60
37 9
13 81
53 89
78 9
75 10
73 57
99 54
72 40
39 15
78 46
76 52
42 14
67 55
37 4
62 55
97 95
18 96
35 10
99 11
6 56
16 65
70 3
84 88
60 4
24 21
14 71
68 29
37 67
32 85
96 56
16 82
99 68
71 89
12 1
43 29
38 69
98 90
12 34
16 6
96 89
67 2
88 32
39 16
89 84
35 97
55 82
51 6
77 66
61 51
96 8
18 83
46 62
82 24
30 51
76 44
74 47
20 25
40 42
69 70
87 73
64 31
48 22
32 2
24 65
5 81
27 41
26 51
46 36
5 42
96 72
68 38
3 75
62 61
94 74
18 25
51 74
17 38
27 50
26 55
40 24
55 90
72 2
69 75
70 27
65 67
4 70
69 29
86 10
44 51
20 62
76 42
93 91
82 25
59 13
72 96
33 74
80 38
46 75
72 99
88 57
14 62
99 23
68 23
16 71
49 18
63 94
88 26
50 85
25 56
66 52
86 74
98 69
48 9
57 10
94 61
93 18
93 19
11 50
65 16
70 14
77 30
99 53
93 66
52 39
75 35
19 94
69 74
21 56
57 43
44 37
20 94
54 37
58 4
15 80
89 1
24 54
52 71
64 52
26 31
95 88
58 85
85 81
27 82
25 33
29 73
65 35
5 66
73 86
80 93
79 38
75 36
5 51
46 38
49 74
69 18
60 9
91 49
91 17
15 41
12 2
1 25
48 87
11 67
22 35
4 59
28 15
17 84
51 59
19 23
97 39
62 42
76 31
28 77
71 42
37 81
59 50
64 18
56 66
9 7
62 93
73 6
48 85
90 44
12 63
27 18
25 38
27 74
42 24
22 84
54 40
79 48
39 93
42 30
45 32
40 29
91 50
59 34
19 87
98 46
83 69
12 60
99 9
2 82
97 92
13 42
26 26
59 22
70 28
98 6
96 30
55 83
26 30
58 14
77 5
55 34
9 2
76 26
90 50
1 57
67 59
98 9
48 57
46 16
89 30
73 41
16 62
82 19
72 25
2 94
31 17
80 42
98 84
38 8
67 98
35 34
43 34
78 93
16 59
41 89
1 25
64 73
67 23
52 30
39 3
39 75
28 26
24 32
56 4
76 38
69 37
87 10
20 68
14 74
99 76
77 11
58 9
30 69
11 17
20 34
62 20
58 12
84 31
40 21
39 6
78 85
53 28
16 95
23 35
99 36
15 62
82 98
5 49
51 86
11 98
27 87
1 42
21 4
32 21
78 43
80 70
8 5
53 19
11 30
5 39
99 42
79 53
68 84
59 11
47 63
2 95
32 58
85 84
36 42
67 96
52 86
71 12
98 99
21 91
65 89
84 41
44 76
98 25
86 17
28 24
81 78
23 63
59 27
84 36
42 36
8 51
68 97
64 56
22 38
23 38
62 89
27 47
55 74
40 57
39 27
89 11
97 72
50 36
74 36
12 21
17 18
34 84
85 81
32 20
19 73
52 95
27 28
65 63
34 67
6 7
19 57
70 82
32 43
12 43
55 40
79 20
96 74
5 40
89 74
47 18
81 82
32 44
49 39
18 81
12 16
88 31
40 8
6 74
9 37
69 49
2 73
62 56
52 44
16 56
80 35
36 10
50 86
88 82
65 77
90 32
2 18
26 44
89 94
83 61
56 72
90 76
19 65
65 6
68 61
34 70
86 42
6 62
14 51
98 97
93 97
85 73
59 20
59 14
48 30
48 67
61 63
83 35
82 11
49 45
55 6
24 18
86 12
6 7
71 67
74 6
11 67
21 58
59 9
27 15
66 55
83 83
75 71
87 9
42 58
30 54
48 30
69 20
19 18
32 85
20 38
26 65
59 1
68 53
70 2
97 21
22 79
19 63
23 44
85 2
64 90
14 40
96 25
73 86
13 51
35 6
36 25
53 98
10 71
48 2
55 10
77 55
19 2
29 85
25 8
88 77
99 76
21 65
79 65
84 9
29 86
90 64
55 63
83 55
71 21
68 31
3 52
68 54
30 2
59 57
32 4
7 85
61 16
25 77
68 88
81 80
48 60
60 40
99 31
44 99
72 25
31 13
85 64
80 89
26 36
24 35
29 56
76 2
25 77
2 44
81 75
65 16
14 32
57 19
1 99
32 94
62 34
57 2
95 81
60 21
11 22
78 91
45 18
70 67
20 71
83 27
94 90
73 7
59 53
31 42
55 34
58 76
57 47
5 92
92 56
19 70
91 65
41 90
64 31
9 30
3 59
92 46
30 53
39 23
36 26
94 85
66 95
19 35
78 86
3 61
62 76
13 54
43 59
69 24
90 18
15 90
12 76
95 99
76 38
73 16
67 66
99 51
30 28
76 90
81 81
57 4
6 38
78 60
78 58
99 37
64 88
48 69
95 93
44 40
49 35
27 68
21 97
7 12
50 21
16 22
32 69
62 27
93 96
88 27
41 99
67 2
99 71
78 63
28 4
35 9
15 54
18 29
33 87
78 66
48 66
42 3
32 58
31 16
53 79
97 93
48 58
37 24
22 43
6 13
72 41
93 84
22 78
54 41
14 28
7 47
12 51
74 10
88 47
24 12
64 54
75 11
22 92
25 96
85 3
36 20
4 62
66 82
91 15
35 77
52 8
26 67
53 79
56 66
74 54
75 77
70 47
94 86
24 60
26 66
58 71
85 77
25 30
63 13
63 65
56 88
83 88
54 54
73 66
4 49
6 74
58 69
21 61
55 62
88 52
85 15
8 64
79 53
26 64
20 33
23 41
25 18
81 43
67 18
39 40
14 74
11 57
73 67
76 75
67 95
82 47
54 92
13 15
19 20
95 18
8 51
33 43
79 84
98 41
20 33
34 36
63 94
63 21
89 88
76 88
20 86
41 89
52 38
22 28
92 12
59 7
62 51
26 79
83 99
74 73
25 37
68 38
44 14
40 14
73 81
48 94
49 96
1 10
34 76
7 82
44 42
88 59
76 89
69 72
95 7
60 74
93 47
86 85
12 48
39 30
54 86
98 90
47 64
44 27
45 55
59 87
97 10
57 43
26 70
26 44
99 41
92 99
79 46
56 72
2 35
43 33
50 45
37 11
82 51
69 92
98 71
66 75
3 70
14 63
66 31
58 69
72 79
40 77
12 65
81 43
25 12
11 55
45 36
84 33
10 26
97 40
37 78
12 10
35 44
96 88
5 44
67 72
33 33
14 2
64 31
12 31
9 34
17 72
61 31
46 60
79 70
60 26
80 65
16 77
39 4
79 76
4 39
25 5
92 38
12 84
78 72
20 48
8 16
35 6
81 39
64 10
41 38
46 25
61 30
49 40
89 14
39 54
27 66
20 49
34 43
93 15
90 98
90 54
86 16
62 70
60 81
21 80
11 78
69 51
78 77
92 74
8 40
34 51
1 29
99 99
10 7
24 59
37 81
66 13
46 17
96 69
50 24
34 83
4 23
60 38
32 4
46 62
76 77
37 14
51 29
52 5
77 50
43 33
36 87
51 55
85 9
64 19
16 8
8 8
59 51
94 35
90 30
35 79
32 70
3 42
17 73
10 94
70 66
90 32
40 62
86 96
48 26
30 67
6 85
70 89
37 32
89 23
76 57
61 7
21 94
94 93
31 74
66 94
67 22
69 52
76 35
29 23
50 86
59 7
64 73
97 6
55 69
16 72
54 66
27 38
33 67
90 47
54 45
25 20
40 89
60 73
54 47
13 31
59 14
41 91
78 56
98 28
63 86
28 65
91 9
3 65
7 4
15 98
78 33
16 3
25 3
38 92
48 41
4 2
60 89
85 19
89 72
18 26
65 86
57 29
37 71
28 75
89 29
13 91
58 50
57 57
44 68
32 2
25 74
18 66
2 68
8 85
38 81
27 66
20 43
40 94
27 4
24 76
34 43
69 73
20 54
29 66
37 34
17 51
3 18
26 17
32 48
33 57
61 8
10 95
58 36
92 30
94 5
94 38
23 43
37 77
86 91
74 83
85 73
83 78
80 38
42 56
54 17
37 53
75 55
34 64
82 69
18 48
80 66
40 59
49 12
12 21
62 18
43 15
94 14
67 63
41 24
21 68
84 82
43 45
98 85
62 81
52 3
65 22
66 35
73 69
91 88
5 2
49 21
90 65
56 90
42 35
38 8
98 85
51 90
47 49
11 22
56 26
16 67
60 12
24 67
25 55
28 1
92 54
58 8
93 47
92 62
41 77
41 53
14 52
53 4
47 22
84 87
10 49
91 28
39 13
5 88
43 6
39 31
45 19
25 41
32 27
81 66
37 12
51 54
16 39
23 51
91 7
14 32
96 31
23 7
37 96
47 53
46 97
21 95
66 22
50 16
26 12
2 14
41 93
51 18
65 88
83 96
95 20
82 84
48 98
88 57
95 54
19 76
32 98
87 6
7 7
30 66
68 4
28 60
12 80
15 20
96 46
3 35
61 32
31 67
72 68
72 99
86 73
44 75
83 3
90 85
75 58
78 78
38 12
46 7
57 93
17 23
59 26
18 67
85 1
48 22
72 83
77 2
23 38
27 60
76 83
98 35
97 33
80 82
13 21
41 89
81 75
53 58
33 82
78 30
37 2
13 56
37 6
61 51
3 27
72 43
40 84
30 35
69 14
71 13
36 53
63 73
81 23
37 98
20 45
87 48
32 41
96 14
20 56
9 26
94 2
53 44
37 89
2 77
9 72
36 45
5 2
96 93
36 57
53 62
12 93
20 79
68 61
91 64
22 5
28 63
67 13
57 13
81 37
7 92
59 92
17 92
66 76
14 32
76 81
93 28
15 99
32 87
5 26
27 39
52 67
22 85
51 15
59 52
30 60
77 71
32 80
11 79
75 49
46 7
87 47
98 2
93 83
10 69
92 55
71 45
24 7
8 24
57 43
16 96
73 32
81 14
12 89
89 95
57 57
39 5
92 29
55 54
70 1
82 24
29 1
1 21
42 55
15 6
65 33
83 20
23 35
67 54
17 77
86 32
86 31
26 23
46 4
15 57
6 76
33 32
92 57
30 66
61 65
90 33
91 98
82 88
77 84
41 59
40 61
20 2
29 63
31 13
76 56
57 52
86 32
49 38
39 72
74 2
28 33
82 92
33 41
95 22
7 71
18 41
7 23
96 3
31 3
23 42
31 62
1 20
76 12
95 53
67 9
76 80
98 73
30 50
56 23
45 91
27 44
1 5
84 18
78 89
81 24
52 82
58 74
8 31
14 82
83 25
84 6
61 34
20 6
63 28
92 7
42 44
34 2
27 54
34 75
29 3
27 7
45 84
52 63
72 25
9 29
58 18
80 68
42 51
67 87
64 20
82 50
79 58
73 88
96 26
94 77
48 75
76 85
88 28
38 10
96 88
15 95
84 38
2 18
55 78
37 42
35 84
87 96
7 64
38 55
25 79
21 92
70 23
33 8
71 10
31 30
66 24
10 86
80 4
48 93
42 67
91 63
18 93
15 80
76 16
13 63
75 45
64 39
29 55
52 60
42 37
38 93
52 43
49 48
36 92
98 75
22 18
4 41
96 82
7 86
33 42
38 53
95 47
51 32
97 51
2 48
24 35
27 63
70 81
71 93
38 41
69 46
20 39
2 46
98 16
99 44
27 28
70 15
9 9
26 70
51 96
99 47
3 72
60 33
34 13
42 38
69 71
47 97
66 16
48 6
61 15
25 95
83 83
56 15
93 24
18 5
60 42
60 89
83 50
10 1
27 71
27 98
6 64
73 42
76 83
78 24
45 4
39 26
85 44
54 19
45 31
31 77
43 22
74 85
79 19
7 94
43 97
37 56
47 85
22 7
58 55
52 89
95 20
63 49
14 92
32 24
34 61
1 84
12 87
95 91
64 94
49 16
79 34
38 13
2 34
25 31
49 50
56 11
61 89
23 11
5 60
93 85
88 93
85 94
29 34
23 37
77 90
39 63
65 54
66 23
64 82
92 19
4 84
6 69
2 57
4 58
29 35
86 13
36 37
8 39
9 9
43 76
36 85
44 64
49 25
39 59
34 79
21 35
84 24
90 54
71 86
96 3
94 50
67 9
16 41
9 97
87 90
60 98
92 32
24 25
7 65
16 37
16 87
89 98
81 8
35 50
76 12
80 99
86 30
34 27
70 2
65 71
40 50
89 41
51 94
64 55
12 83
33 79
17 9
26 52
45 98
63 4
30 41
59 75
98 39
96 71
53 54
95 74
58 17
72 44
98 59
88 76
95 86
94 2
42 41
30 33
62 92
1 66
2 64
48 47
14 53
47 96
25 45
90 4
62 90
41 68
82 92
55 8
8 88
2 57
83 49
16 55
65 7
42 67
33 36
55 12
36 61
56 9
64 35
26 85
67 3
79 26
32 70
30 26
43 96
92 92
87 72
70 26
26 53
65 74
18 78
31 92
86 55
84 35
42 73
55 50
98 31
51 95
50 55
94 25
47 95
64 74
42 73
44 50
37 44
32 27
26 26
88 82
99 8
28 43
15 20
92 42
38 53
68 34
31 29
56 81
12 62
77 78
67 92
51 24
95 7
28 91
84 62
46 97
91 87
9 16
16 97
36 38
44 96
78 32
23 57
46 72
92 95
32 3
64 35
2 42
26 97
97 3
8 87
80 69
89 95
91 93
1 33
1 10
75 53
38 68
7 38
53 16
45 6
89 22
41 21
65 72
93 54
22 97
25 95
39 36
16 86
71 99
68 82
64 99
99 85
19 71
17 17
39 70
22 90
8 6
99 91
35 44
17 38
63 91
55 89
61 20
10 25
82 29
27 17
66 58
93 33
1 87
11 23
28 98
59 56
69 81
6 91
55 91
91 83
33 78
69 29
31 94
53 53
58 83
60 93
84 55
56 3
50 43
33 18
43 35
37 7
12 16
75 77
53 11
79 32
51 64
76 9
27 5
81 50
2 32
37 72
68 3
47 86
96 85
70 41
83 90
20 61
45 75
13 18
16 49
94 9
44 35
80 88
13 12
97 20
54 43
73 42
68 90
66 47
43 40
45 40
55 86
71 35
9 14
53 64
37 61
92 84
52 30
81 95
41 59
92 7
45 30
26 58
28 29
68 99
29 14
24 1
12 8
89 20
5 72
47 55
5 38
83 81
30 55
1 62
76 55
81 65
9 65
54 2
71 30
54 44
31 20
9 5
58 90
82 44
84 94
3 65
72 96
70 40
85 23
8 32
72 12
7 62
29 29
6 98
31 99
90 34
67 15
96 57
39 94
87 92
58 47
5 66
39 32
6 91
47 63
93 48
41 59
3 67
40 79
62 39
81 70
18 14
49 38
38 55
14 58
72 42
36 31
71 72
80 58
68 44
10 84
77 22
6 47
52 8
15 98
81 48
91 55
12 81
56 60
10 52
63 18
62 75
99 78
56 53
11 59
9 58
33 42
73 27
69 75
13 42
6 98
74 93
46 25
77 1
4 9
69 79
35 38
91 75
91 25
11 62
83 24
75 49
12 5
23 87
53 6
31 41
6 92
48 61
52 48
65 16
29 8
79 87
75 28
62 53
58 3
62 42
10 31
11 31
62 89
97 70
75 36
36 52
24 70
85 7
28 10
50 46
42 14
12 17
99 76
71 15
25 50
16 90
59 32
70 42
64 28
53 79
36 5
58 98
44 58
95 17
52 99
81 42
83 35
16 1
22 37
24 28
71 4
96 13
40 21
24 95
89 18
25 77
60 44
48 50
56 66
5 11
5 64
47 32
1 39
75 32
81 26
81 8
89 82
18 47
63 66
51 34
85 82
65 26
39 38
28 31
85 36
87 78
87 51
60 80
40 23
12 9
27 5
15 12
54 11
54 49
91 54
7 67
80 58
58 4
85 21
65 94
15 29
89 45
68 70
82 4
13 14
66 33
89 64
76 20
68 94
67 7
98 84
38 93
21 28
63 39
66 5
3 96
75 93
46 86
86 22
26 22
18 70
5 51
15 35
11 92
32 92
44 51
13 69
19 51
35 65
10 7
1 30
61 76
9 50
72 14
46 17
88 13
84 95
76 89
25 25
31 6
95 60
16 11
42 8
85 94
61 86
36 89
10 97
37 8
41 34
64 94
41 48
9 48
57 52
88 92
48 41
18 60
98 37
86 70
60 86
55 34
63 68
28 30
99 3
16 56
89 9
49 15
88 63
23 32
30 50
69 94
18 68
72 94
41 63
55 40
11 33
14 34
7 55
38 14
74 33
44 91
31 37
42 77
55 48
6 92
27 57
15 15
67 53
52 48
20 33
29 50
54 26
81 36
82 39
67 47
79 88
65 35
40 52
42 46
34 68
91 81
47 47
88 17
36 83
46 44
32 83
66 91
39 9
31 14
12 95
53 37
41 66
96 69
89 66
65 43
4 18
32 54
67 86
13 48
95 73
85 34
55 35
59 84
76 5
42 97
83 67
6 88
66 6
29 33
47 23
54 20
19 5
6 95
99 30
2 47
35 88
90 17
2 14
35 65
25 30
12 29
16 99
67 44
32 32
44 29
2 45
47 94
39 59
39 77
46 35
50 4
95 60
6 1
1 40
72 93
71 50
12 9
30 65
48 42
87 75
86 67
52 85
8 11
44 52
22 47
15 27
5 13
92 84
19 75
34 68
92 88
11 9
31 59
85 29
28 31
90 76
3 13
69 98
25 31
20 6
61 99
55 99
74 86
83 90
48 73
94 94
54 7
84 20
72 38
60 99
84 40
85 64
26 67
60 17
54 51
75 85
55 54
62 8
1 67
84 2
47 31
20 13
76 32
99 3
23 97
29 45
64 10
52 85
72 91
57 58
94 99
23 37
25 49
39 95
5 48
82 63
32 57
22 17
90 83
27 12
45 10
28 89
39 74
81 58
20 91
9 27
76 99
89 37
91 4
72 28
41 82
59 16
14 98
22 58
64 39
91 85
36 8
25 12
31 78
16 88
71 46
98 71
18 17
69 1
18 81
89 80
21 65
88 26
60 83
64 51
64 67
91 19
27 27
18 96
73 71
79 30
1 10
25 85
45 23
73 63
14 92
78 13
90 35
72 33
38 57
33 56
2 67
46 41
45 53
56 59
77 50
83 39
34 99
40 33
22 99
14 11
20 28
26 19
29 30
29 84
89 48
33 29
33 76
63 51
85 66
15 48
5 20
46 88
30 78
5 81
73 6
17 6
40 82
59 51
13 50
78 30
26 30
39 65
35 64
4 19
24 57
84 47
57 10
1 33
90 26
35 2
92 14
96 94
4 99
51 9
32 79
67 21
66 66
32 85
68 58
44 86
82 64
25 15
92 6
43 65
11 3
73 23
41 5
91 21
41 53
69 16
53 10
44 8
68 21
54 29
79 18
3 78
96 22
50 37
8 11
45 54
61 30
62 42
12 74
67 85
94 38
36 39
46 95
30 92
36 11
59 19
68 71
37 29
37 87
94 72
24 77
84 13
38 38
80 91
41 99
4 21
34 12
81 92
67 59
12 77
80 54
28 8
65 85
64 69
7 17
50 72
84 67
58 96
19 91
7 27
53 38
89 61
39 55
37 42
47 37
15 76
72 59
66 68
9 15
36 4
54 9
44 36
4 7
66 1
27 34
33 34
38 56
68 68
70 30
56 41
59 87
26 24
86 35
3 84
3 79
3 2
7 80
99 86
50 45
71 74
68 29
15 19
22 89
50 93
73 50
32 53
76 12
63 48
9 90
61 50
16 76
27 1
5 35
37 93
91 3
53 34
53 36
75 63
52 3
39 62
58 88
97 43
44 20
94 90
36 72
94 21
73 59
79 11
76 49
96 73
15 74
20 85
40 65
43 85
12 29
34 27
52 15
26 87
76 84
85 84
23 99
43 61
53 2
47 54
29 86
59 40
32 64
21 37
2 71
94 94
16 49
32 68
25 26
97 32
73 89
61 92
12 16
73 16
67 94
47 80
18 13
9 11
89 19
54 7
52 30
92 77
52 77
16 12
32 85
54 14
52 51
6 17
56 49
88 7
19 93
79 48
89 52
37 23
40 52
3 47
48 73
50 79
86 82
30 79
5 7
12 33
94 90
67 77
70 89
40 31
19 93
52 30
46 95
52 74
27 85
38 5
9 19
21 83
72 80
40 75
21 85
84 19
30 92
35 36
97 90
58 27
75 95
35 4
80 21
93 49
87 82
82 48
77 96
37 38
85 42
80 88
21 65
92 42
12 18
13 67
73 95
47 71
57 70
75 40
88 39
99 25
72 36
24 27
78 56
74 71
31 44
67 48
18 26
80 90
98 20
12 57
53 50
25 81
83 11
52 82
42 29
12 63
13 43
4 2
61 29
51 23
41 83
48 43
53 8
68 37
5 1
69 57
83 9
25 86
25 60
54 2
84 82
20 81
78 73
40 4
98 52
69 70
61 77
71 74
87 4
46 16
25 98
6 60
31 31
81 14
38 71
2 69
45 83
50 13
94 25
67 94
18 4
73 86
40 31
35 42
28 52
30 5
49 3
65 80
45 10
11 95
83 58
49 80
70 85
35 75
85 38
98 75
15 8
34 16
72 7
46 9
61 83
69 52
36 23
8 6
21 84
16 69
81 13
49 49
51 34
36 34
23 11
86 98
6 79
78 2
78 26
25 93
23 9
49 34
55 5
3 31
14 30
58 47
21 28
79 74
16 38
39 10
72 16
44 5
39 87
71 36
91 63
54 57
10 11
56 23
74 93
94 9
5 75
78 45
13 7
26 76
14 58
27 43
4 80
59 7
22 44
12 24
77 81
22 16
91 8
83 17
46 97
13 79
1 36
36 94
22 64
52 91
79 51
42 32
94 30
18 85
24 52
14 1
81 54
86 37
18 2
55 75
8 30
17 1
3 57
3 79
63 45
62 71
74 92
34 56
3 73
33 82
57 5
49 20
56 41
2 71
